5 0.66953125 0.4109375 0.28828125 0.16171875
5 0.7875 0.315625 0.04296875 0.3109375
5 0.75703125 0.56953125 0.14296875 0.1890625
5 0.46484375 0.4578125 0.14453125 0.21171875
5 0.22734375 0.33125 0.07109375 0.06484375
0 0.9796875 0.20625 0.034375 0.05546875
0 0.9890625 0.18671875 0.01953125 0.05625
0 0.78515625 0.703125 0.01328125 0.10859375
0 0.85078125 0.90703125 0.04453125 0.07578125
0 0.84296875 0.9453125 0.05390625 0.05703125
0 0.496875 0.89140625 0.04921875 0.09921875
0 0.5078125 0.78203125 0.05234375 0.06015625
0 0.353125 0.78515625 0.04921875 0.08515625
0 0.1625 0.8625 0.05078125 0.0359375
0 0.01640625 0.5921875 0.02890625 0.06015625
0 0.16796875 0.52109375 0.04140625 0.053125
0 0.14375 0.52421875 0.01953125 0.04453125
0 0.36875 0.40390625 0.028125 0.03984375
0 0.20859375 0.78671875 0.03515625 0.03359375
0 0.12109375 0.67421875 0.03203125 0.02890625
0 0.42890625 0.74453125 0.03359375 0.0265625
0 0.375 0.89453125 0.03671875 0.021875
0 0.47265625 0.83203125 0.0375 0.0453125