5 0.69453125 0.22578125 0.15703125 0.32890625
5 0.8359375 0.459375 0.16015625 0.1796875
5 0.75 0.36875 0.13359375 0.19140625
5 0.71015625 0.6765625 0.040625 0.15390625
5 0.6296875 0.753125 0.14140625 0.10546875
5 0.309375 0.67734375 0.1984375 0.09375
1 0.08359375 0.5171875 0.1671875 0.109375
0 0.0671875 0.4484375 0.06953125 0.06796875
0 0.3140625 0.4109375 0.03203125 0.03671875
0 0.275 0.853125 0.02578125 0.0640625
0 0.41015625 0.903125 0.03984375 0.05078125
0 0.8203125 0.93828125 0.07734375 0.071875
0 0.73515625 0.8203125 0.01171875 0.10546875
0 0.87890625 0.69765625 0.05234375 0.06796875
0 0.021875 0.60625 0.03984375 0.0453125
0 0.05 0.55859375 0.06640625 0.0234375
0 0.1265625 0.75078125 0.04765625 0.03359375