5 0.22109375 0.25546875 0.2796875 0.1484375
5 0.5296875 0.634375 0.1171875 0.27109375
5 0.628125 0.61953125 0.1234375 0.16015625
0 0.9484375 0.5859375 0.0984375 0.07890625
0 0.91328125 0.834375 0.09140625 0.1
0 0.76640625 0.834375 0.02109375 0.11640625
0 0.78828125 0.85859375 0.04375 0.0859375
0 0.71640625 0.96015625 0.03203125 0.078125
0 0.11953125 0.66015625 0.05234375 0.1296875
0 0.2875 0.4234375 0.03203125 0.0296875
0 0.1671875 0.80625 0.06484375 0.07890625
0 0.134375 0.74140625 0.03046875 0.053125
0 0.21875 0.91640625 0.04765625 0.0390625