0 0.17109375 0.175 0.02734375 0.1296875
5 0.56171875 0.81640625 0.06796875 0.1734375
0 0.89921875 0.66640625 0.103125 0.08515625
1 0.94296875 0.86171875 0.11171875 0.140625
0 0.2625 0.47578125 0.04765625 0.034375
0 0.21171875 0.87578125 0.0671875 0.12109375
0 0.45234375 0.871875 0.08984375 0.16328125
0 0.78125 0.9296875 0.02734375 0.08359375
0 0.40703125 0.5125 0.03984375 0.02109375
0 0.35859375 0.31484375 0.021875 0.02421875
0 0.27734375 0.36875 0.02734375 0.0140625
0 0.165625 0.84296875 0.0328125 0.05859375