1 0.36953125 0.78046875 0.10234375 0.1
5 0.690625 0.7578125 0.1140625 0.09140625
5 0.16875 0.40390625 0.1578125 0.1515625
0 0.3015625 0.08515625 0.03046875 0.10703125
0 0.11015625 0.065625 0.0671875 0.06875
0 0.009375 0.2984375 0.01875 0.06328125
0 0.0390625 0.48125 0.07734375 0.11875
0 0.15 0.628125 0.05546875 0.06796875
0 0.24609375 0.65546875 0.10546875 0.065625
0 0.47421875 0.79296875 0.040625 0.084375
0 0.1609375 0.7859375 0.04140625 0.0453125
0 0.1328125 0.7859375 0.025 0.07578125
0 0.03046875 0.7015625 0.05859375 0.0453125
0 0.06015625 0.61796875 0.03515625 0.04453125
0 0.0828125 0.565625 0.0265625 0.065625
0 0.1953125 0.47109375 0.02265625 0.04296875
0 0.1828125 0.8390625 0.06171875 0.0234375