5 0.525 0.615625 0.1390625 0.31953125
0 0.6578125 0.803125 0.11640625 0.07109375
5 0.3171875 0.47890625 0.159375 0.08203125
5 0.1078125 0.41484375 0.1421875 0.15
5 0.2125 0.2015625 0.10625 0.22578125
0 0.30859375 0.1015625 0.0296875 0.14140625
5 0.0484375 0.2859375 0.08984375 0.1046875
0 0.2265625 0.74375 0.07890625 0.034375
0 0.1859375 0.6984375 0.03203125 0.14453125
0 0.234375 0.79609375 0.0375 0.071875
0 0.30703125 0.70859375 0.04453125 0.028125
0 0.53359375 0.896875 0.01484375 0.06328125
0 0.08203125 0.58984375 0.05234375 0.05703125
0 0.23359375 0.52578125 0.015625 0.0859375
0 0.16875 0.8265625 0.05234375 0.046875
0 0.103125 0.8015625 0.0578125 0.140625
0 0.11015625 0.75546875 0.0578125 0.065625
0 0.0390625 0.59921875 0.03828125 0.03828125
0 0.13125 0.84140625 0.06953125 0.0265625