0 0.0375 0.08203125 0.07421875 0.10390625
0 0.0359375 0.15546875 0.071875 0.1609375
5 0.39296875 0.71875 0.14375 0.11796875
5 0.67578125 0.59765625 0.16796875 0.08984375
0 0.59296875 0.5390625 0.08125 0.0515625
0 0.684375 0.73828125 0.09765625 0.05625
0 0.51875 0.69765625 0.07890625 0.04921875
0 0.509375 0.81171875 0.0828125 0.04921875
0 0.52578125 0.86484375 0.08125 0.04609375
0 0.47578125 0.9578125 0.0609375 0.05859375
0 0.57265625 0.95625 0.04375 0.01640625
0 0.21875 0.61640625 0.04765625 0.065625
0 0.11796875 0.60703125 0.09296875 0.11484375
0 0.05234375 0.61328125 0.0609375 0.040625
0 0.0640625 0.57890625 0.034375 0.05703125
0 0.08828125 0.525 0.0296875 0.06640625
0 0.4078125 0.56171875 0.03359375 0.0734375
0 0.30859375 0.72109375 0.05078125 0.04140625
0 0.15625 0.74296875 0.06328125 0.03515625
0 0.11875 0.684375 0.08203125 0.06015625
0 0.14453125 0.85390625 0.040625 0.03515625
0 0.28671875 0.88125 0.04140625 0.0296875
0 0.17109375 0.9109375 0.0515625 0.0546875
0 0.39296875 0.9640625 0.05546875 0.0265625
0 0.1078125 0.8046875 0.0328125 0.0703125