5 0.7515625 0.50625 0.11015625 0.13515625
5 0.7625 0.73046875 0.08359375 0.08515625
5 0.6125 0.49296875 0.0984375 0.0796875
0 0.5546875 0.671875 0.06796875 0.053125
0 0.571875 0.78515625 0.08984375 0.03515625
0 0.43046875 0.83984375 0.08046875 0.0390625
0 0.50546875 0.94453125 0.0796875 0.0484375
0 0.5890625 0.94375 0.03515625 0.02421875
0 0.4328125 0.9265625 0.05390625 0.03046875
0 0.30625 0.7453125 0.04765625 0.0296875
0 0.4046875 0.5984375 0.02421875 0.06953125
0 0.15625 0.62578125 0.084375 0.1140625
0 0.146875 0.5609375 0.06015625 0.09375
0 0.053125 0.10234375 0.10625 0.075
0 0.10546875 0.65546875 0.11171875 0.090625
0 0.16328125 0.7234375 0.07265625 0.03125
0 0.165625 0.85703125 0.04921875 0.06796875
0 0.0625 0.57890625 0.04765625 0.0390625