5 0.70703125 0.365625 0.096875 0.0609375
5 0.86171875 0.44609375 0.053125 0.14296875
0 0.625 0.66953125 0.0671875 0.06640625
0 0.684375 0.7375 0.0515625 0.06015625
0 0.59453125 0.9234375 0.08359375 0.04140625
0 0.65078125 0.93359375 0.03671875 0.0265625
0 0.51640625 0.89921875 0.05859375 0.03671875
0 0.36484375 0.8078125 0.08125 0.0453125
0 0.3484375 0.74765625 0.065625 0.0359375
0 0.41796875 0.60625 0.05390625 0.0453125
0 0.13671875 0.66328125 0.10390625 0.10546875
0 0.21171875 0.6859375 0.06328125 0.03046875
0 0.06640625 0.51875 0.06640625 0.0453125
0 0.034375 0.37109375 0.06796875 0.1203125
0 0.0125 0.1046875 0.025 0.075
0 0.29375 0.68046875 0.01875 0.0515625
0 0.23359375 0.83203125 0.05 0.06953125
0 0.075 0.59765625 0.04296875 0.025
0 0.06171875 0.66015625 0.01171875 0.0515625
0 0.028125 0.43671875 0.03515625 0.06953125