5 0.378125 0.22421875 0.11171875 0.08515625
5 0.68984375 0.4625 0.10234375 0.0765625
0 0.9328125 0.33125 0.09296875 0.0890625
0 0.9828125 0.61875 0.0203125 0.06171875
0 0.8671875 0.52734375 0.01484375 0.05078125
0 0.8109375 0.80546875 0.02265625 0.03046875
0 0.803125 0.840625 0.02578125 0.02890625
0 0.76953125 0.9390625 0.01953125 0.0265625
0 0.7515625 0.79921875 0.02890625 0.0484375
0 0.67734375 0.82890625 0.03828125 0.02578125
0 0.5984375 0.98671875 0.0609375 0.02421875
0 0.48125 0.853125 0.08203125 0.04453125
0 0.37890625 0.89296875 0.07890625 0.06796875
0 0.4 0.70546875 0.05859375 0.05703125
0 0.3953125 0.5546875 0.0359375 0.0390625
0 0.30234375 0.26875 0.04375 0.11875
0 0.17421875 0.14375 0.07421875 0.16015625
0 0.02421875 0.08671875 0.040625 0.0453125
0 0.05234375 0.3546875 0.07734375 0.12421875
0 0.15859375 0.428125 0.015625 0.05546875
0 0.24453125 0.403125 0.01484375 0.05859375
0 0.23515625 0.59453125 0.06640625 0.034375
0 0.271875 0.71796875 0.02578125 0.0390625
0 0.215625 0.77734375 0.0515625 0.05078125
0 0.21640625 0.72421875 0.03203125 0.06640625
0 0.18828125 0.8984375 0.0296875 0.0390625
0 0.13515625 0.63046875 0.01875 0.0484375
0 0.078125 0.39765625 0.03046875 0.0453125
0 0.028125 0.3296875 0.0171875 0.05390625