5 0.51484375 0.16796875 0.09921875 0.146875
5 0.7828125 0.14453125 0.1390625 0.07421875
5 0.95234375 0.159375 0.0640625 0.08671875
0 0.42734375 0.0765625 0.040625 0.09140625
5 0.28828125 0.09921875 0.06796875 0.12890625
0 0.090625 0.1171875 0.06328125 0.134375
0 0.03046875 0.34921875 0.03671875 0.06328125
0 0.02265625 0.47265625 0.0421875 0.02109375
0 0.18046875 0.46640625 0.05546875 0.0390625
0 0.33828125 0.890625 0.090625 0.11484375
0 0.26015625 0.8640625 0.06640625 0.08828125
5 0.40390625 0.49375 0.05 0.06953125
5 0.6046875 0.4109375 0.06328125 0.04609375
0 0.771875 0.63046875 0.0328125 0.05078125
0 0.8984375 0.65078125 0.03359375 0.0640625
0 0.94453125 0.66875 0.03359375 0.0390625
0 0.61875 0.884375 0.01796875 0.025
0 0.5203125 0.73046875 0.01640625 0.06015625
0 0.85390625 0.80703125 0.021875 0.0203125
0 0.36015625 0.56328125 0.01484375 0.03984375
0 0.33203125 0.5078125 0.03046875 0.0546875
0 0.1390625 0.65234375 0.0265625 0.03046875
0 0.14453125 0.61953125 0.0375 0.05625
0 0.11484375 0.6015625 0.015625 0.0203125
0 0.2140625 0.771875 0.01875 0.0640625
0 0.2484375 0.72578125 0.0359375 0.0265625
0 0.1859375 0.25625 0.03203125 0.05625