5 0.5484375 0.453125 0.10390625 0.0765625
5 0.6484375 0.22890625 0.09296875 0.0859375
5 0.778125 0.53828125 0.0796875 0.065625
0 0.9609375 0.45546875 0.05859375 0.078125
0 0.9671875 0.37578125 0.0125 0.05703125
0 0.48203125 0.59140625 0.04140625 0.0484375
0 0.36171875 0.8734375 0.06953125 0.11875
0 0.3015625 0.90078125 0.04765625 0.0640625
0 0.196875 0.75625 0.03671875 0.02578125
0 0.10859375 0.4125 0.0375 0.10078125
0 0.0640625 0.35703125 0.06484375 0.0484375
0 0.01796875 0.17578125 0.025 0.08359375
0 0.11171875 0.090625 0.08515625 0.11171875
5 0.3296875 0.09921875 0.10078125 0.13671875
5 0.32265625 0.1875 0.09453125 0.084375
5 0.44140625 0.346875 0.06796875 0.06953125
5 0.28828125 0.39140625 0.06484375 0.0796875
5 0.25 0.38125 0.05234375 0.096875
0 0.29140625 0.5515625 0.05703125 0.0265625
0 0.70546875 0.5859375 0.03203125 0.040625
0 0.46015625 0.9203125 0.0328125 0.05
0 0.79375 0.7484375 0.01328125 0.0296875
0 0.66953125 0.9140625 0.02109375 0.0234375
0 0.5703125 0.80625 0.02109375 0.03359375
0 0.26328125 0.79453125 0.03203125 0.05078125
0 0.11640625 0.54921875 0.040625 0.02890625
0 0.06875 0.57421875 0.0390625 0.03671875
0 0.15390625 0.64140625 0.02421875 0.03984375
0 0.140625 0.65625 0.0234375 0.03125