5 0.60703125 0.60234375 0.09609375 0.08828125
0 0.7921875 0.48046875 0.01484375 0.090625
0 0.9046875 0.73671875 0.02109375 0.05390625
5 0.56875 0.52109375 0.04921875 0.04453125
5 0.5046875 0.4484375 0.06484375 0.09609375
5 0.51171875 0.43359375 0.0265625 0.09921875
5 0.30625 0.40625 0.0796875 0.08671875
5 0.2796875 0.18671875 0.03046875 0.10546875
0 0.43203125 0.6015625 0.02734375 0.06875
0 0.3796875 0.56796875 0.03671875 0.0796875
0 0.134375 0.45078125 0.07890625 0.04296875
0 0.10859375 0.36171875 0.06484375 0.12421875
0 0.38828125 0.8171875 0.06328125 0.13203125
0 0.4484375 0.92421875 0.04140625 0.03984375
0 0.34921875 0.9265625 0.05703125 0.0859375
0 0.30078125 0.8296875 0.03828125 0.05390625
0 0.26484375 0.6546875 0.03515625 0.090625
0 0.403125 0.6765625 0.04921875 0.046875
0 0.55859375 0.66640625 0.02890625 0.03203125
0 0.303125 0.8984375 0.04609375 0.0453125