5 0.41484375 0.46796875 0.09375 0.1140625
5 0.5953125 0.50078125 0.07890625 0.05625
0 0.75 0.62421875 0.05546875 0.0484375
5 0.31015625 0.69140625 0.04140625 0.13125
0 0.05703125 0.31953125 0.07265625 0.084375
0 0.16796875 0.08359375 0.03671875 0.0265625
0 0.18359375 0.171875 0.01875 0.034375
0 0.27890625 0.05703125 0.01171875 0.0515625
0 0.27109375 0.35546875 0.0265625 0.05703125
0 0.28359375 0.61640625 0.03359375 0.08671875
0 0.1875 0.609375 0.015625 0.07890625
0 0.190625 0.86171875 0.03671875 0.05859375
0 0.03984375 0.55 0.03203125 0.071875
0 0.0671875 0.671875 0.025 0.0453125
0 0.12890625 0.609375 0.0375 0.04375
0 0.2734375 0.715625 0.03828125 0.03046875
0 0.4234375 0.64609375 0.02890625 0.04921875
0 0.29453125 0.56171875 0.028125 0.040625
0 0.496875 0.68671875 0.05078125 0.0515625
0 0.503125 0.7578125 0.0390625 0.0234375
0 0.7203125 0.58359375 0.04765625 0.0296875
0 0.696875 0.6453125 0.02421875 0.0296875
0 0.9171875 0.56640625 0.0453125 0.028125
0 0.84609375 0.690625 0.03125 0.01875
0 0.590625 0.709375 0.028125 0.03046875
0 0.85 0.7890625 0.03515625 0.02890625
0 0.7546875 0.86171875 0.02578125 0.0203125