5 0.46015625 0.6296875 0.09609375 0.07421875
0 0.61953125 0.6875 0.05546875 0.05078125
5 0.35703125 0.38671875 0.05234375 0.05390625
0 0.484375 0.66640625 0.0546875 0.0484375
0 0.25078125 0.46328125 0.0375 0.09921875
0 0.2375 0.2421875 0.02421875 0.06015625
0 0.2421875 0.15859375 0.03359375 0.0359375
0 0.2046875 0.04921875 0.00859375 0.034375
0 0.06171875 0.33515625 0.01328125 0.071875
0 0.11875 0.51640625 0.02734375 0.07890625
0 0.1140625 0.44296875 0.015625 0.03125
0 0.16484375 0.503125 0.02421875 0.0390625
0 0.18515625 0.67578125 0.025 0.0296875
0 0.3546875 0.50703125 0.01484375 0.05390625
0 0.3796875 0.7640625 0.0234375 0.0296875
0 0.8546875 0.53203125 0.0453125 0.03046875
0 0.53984375 0.62421875 0.03984375 0.025
0 0.69296875 0.2078125 0.00703125 0.05625
0 0.53984375 0.21796875 0.02890625 0.01953125