5 0.4640625 0.55234375 0.0578125 0.0546875
0 0.625 0.6078125 0.02734375 0.0265625
0 0.26953125 0.39296875 0.0375 0.046875
0 0.1953125 0.33984375 0.0203125 0.10546875
0 0.115625 0.41953125 0.06328125 0.07890625
0 0.75234375 0.66796875 0.028125 0.02109375
0 0.7390625 0.5984375 0.02734375 0.03515625
0 0.74140625 0.55234375 0.025 0.046875
0 0.61796875 0.546875 0.03671875 0.04140625
0 0.46328125 0.63203125 0.03671875 0.02578125
0 0.57734375 0.378125 0.01328125 0.04375
0 0.4859375 0.28203125 0.00703125 0.04140625
0 0.3125 0.31796875 0.01015625 0.046875
0 0.27109375 0.15859375 0.02734375 0.05078125
0 0.22890625 0.04921875 0.0171875 0.0359375
0 0.18984375 0.15390625 0.0375 0.03046875
0 0.06328125 0.2828125 0.02265625 0.05078125
0 0.13515625 0.63359375 0.025 0.06796875
0 0.36015625 0.7765625 0.0109375 0.03359375
0 0.3609375 0.48671875 0.02421875 0.03671875
0 0.52109375 0.70703125 0.02890625 0.03046875
0 0.60859375 0.65859375 0.01328125 0.02421875
0 0.3328125 0.8078125 0.0234375 0.02109375