0 0.19296875 0.253125 0.03515625 0.10625
0 0.265625 0.17578125 0.01875 0.0453125
0 0.30546875 0.28125 0.01953125 0.04921875
0 0.3359375 0.48828125 0.03203125 0.040625
0 0.41171875 0.5484375 0.0375 0.02578125
0 0.50078125 0.60078125 0.015625 0.03046875
0 0.56796875 0.59296875 0.01640625 0.0390625
0 0.19765625 0.51171875 0.04609375 0.0703125
0 0.0875 0.41640625 0.0234375 0.03984375
0 0.13125 0.5640625 0.0125 0.06328125
0 0.14609375 0.5015625 0.02734375 0.01953125
0 0.3359375 0.88046875 0.040625 0.04296875