0 0.0734375 0.565625 0.0703125 0.2234375
0 0.12890625 0.8109375 0.05859375 0.1484375
0 0.08671875 0.61953125 0.03671875 0.12578125
0 0.2484375 0.76796875 0.02578125 0.09921875
0 0.35078125 0.8828125 0.0171875 0.10625
0 0.3375 0.84609375 0.05859375 0.03046875
0 0.275 0.89375 0.02578125 0.02109375
0 0.27578125 0.34765625 0.02890625 0.07109375
0 0.3921875 0.06953125 0.021875 0.075
0 0.37421875 0.03671875 0.01953125 0.0109375
0 0.58515625 0.11875 0.0421875 0.16875
0 0.73046875 0.4140625 0.0234375 0.084375
0 0.80546875 0.4609375 0.01640625 0.06796875
5 0.7421875 0.1609375 0.04765625 0.1609375
5 0.4421875 0.27421875 0.06796875 0.03125
0 0.41171875 0.51640625 0.01015625 0.059375
0 0.240625 0.31171875 0.01015625 0.03828125
0 0.515625 0.1828125 0.02265625 0.06953125
5 0.53671875 0.2875 0.02421875 0.13828125
0 0.5078125 0.31015625 0.01171875 0.10546875
0 0.45390625 0.39296875 0.02421875 0.0765625
0 0.52265625 0.4625 0.0484375 0.01953125
0 0.52421875 0.42578125 0.01171875 0.0484375
0 0.5671875 0.384375 0.01171875 0.10390625
0 0.775 0.34453125 0.02421875 0.07890625
0 0.796875 0.103125 0.03046875 0.0734375
0 0.621875 0.07109375 0.06484375 0.0296875
0 0.6125 0.04609375 0.02109375 0.03046875
0 0.86953125 0.06953125 0.0296875 0.07421875
0 0.853125 0.0671875 0.03515625 0.0734375
0 0.92421875 0.11875 0.040625 0.07109375
0 0.9546875 0.0578125 0.01328125 0.06015625
0 0.909375 0.196875 0.02890625 0.06484375
0 0.89375 0.27734375 0.025 0.075
0 0.8453125 0.34921875 0.0328125 0.05859375
0 0.909375 0.36171875 0.02890625 0.0640625
0 0.91875 0.33984375 0.01328125 0.04609375
0 0.98125 0.34921875 0.01328125 0.0859375
0 0.95 0.52421875 0.03359375 0.06875
0 0.98671875 0.496875 0.01171875 0.0265625
0 0.92109375 0.44375 0.01484375 0.06796875
0 0.8734375 0.5609375 0.01953125 0.06640625
0 0.25234375 0.8359375 0.00546875 0.025
0 0.5 0.61953125 0.00703125 0.05078125
0 0.46875 0.56640625 0.00703125 0.03984375
0 0.43828125 0.515625 0.01484375 0.05078125
0 0.54453125 0.49453125 0.0046875 0.04453125
0 0.57734375 0.5703125 0.01171875 0.05390625
0 0.559375 0.5921875 0.01328125 0.04140625
0 0.6765625 0.56640625 0.01171875 0.05703125
0 0.73828125 0.63828125 0.01015625 0.0453125