0 0.36484375 0.86796875 0.059375 0.1234375
0 0.44921875 0.84921875 0.04765625 0.09453125
0 0.390625 0.79921875 0.02265625 0.06328125
0 0.365625 0.9171875 0.05390625 0.0953125
0 0.2953125 0.92890625 0.0328125 0.0390625
0 0.3140625 0.890625 0.0265625 0.0609375
0 0.30078125 0.796875 0.02421875 0.1140625
0 0.26640625 0.79609375 0.02421875 0.04296875
0 0.23828125 0.840625 0.01796875 0.06484375
0 0.31015625 0.64296875 0.04609375 0.15703125
5 0.2265625 0.4859375 0.0265625 0.17109375
0 0.0671875 0.36875 0.03515625 0.21640625
0 0.0171875 0.62265625 0.0328125 0.06953125
0 0.40859375 0.42421875 0.00703125 0.075
0 0.4515625 0.42578125 0.05 0.02421875
0 0.39921875 0.16953125 0.03828125 0.103125
0 0.3296875 0.28671875 0.0421875 0.0359375
0 0.33046875 0.20078125 0.01953125 0.0734375
0 0.2640625 0.253125 0.0265625 0.0265625
0 0.22890625 0.14140625 0.0234375 0.05
0 0.19453125 0.0765625 0.03359375 0.03671875
0 0.5296875 0.08203125 0.01796875 0.109375
0 0.50546875 0.04921875 0.0125 0.03515625
0 0.50859375 0.15390625 0.01640625 0.1
0 0.48046875 0.2265625 0.0078125 0.078125
0 0.5375 0.33125 0.01015625 0.08828125
0 0.48828125 0.45859375 0.01328125 0.071875
0 0.47578125 0.40859375 0.01640625 0.0484375
0 0.509375 0.48828125 0.01171875 0.06875
0 0.57734375 0.48203125 0.01171875 0.0765625
0 0.5953125 0.47578125 0.02109375 0.07578125
0 0.5703125 0.38359375 0.00859375 0.046875
0 0.571875 0.22421875 0.01015625 0.0953125
0 0.68046875 0.21015625 0.02578125 0.09609375
0 0.7015625 0.13125 0.034375 0.0734375
0 0.83046875 0.05703125 0.075 0.05078125
0 0.7796875 0.04453125 0.01953125 0.028125
0 0.85234375 0.153125 0.03359375 0.08125
0 0.940625 0.10390625 0.0140625 0.10859375
0 0.97890625 0.1640625 0.02890625 0.05546875
0 0.98671875 0.24609375 0.021875 0.08125
0 0.9765625 0.384375 0.04453125 0.040625
0 0.96875 0.34453125 0.0078125 0.03671875
0 0.91015625 0.2640625 0.0234375 0.05390625
0 0.85625 0.22890625 0.04140625 0.05625
0 0.83046875 0.15390625 0.03515625 0.0546875
0 0.81875 0.2515625 0.04296875 0.08515625
0 0.88828125 0.3046875 0.03671875 0.06328125
0 0.92109375 0.40625 0.02734375 0.06953125
0 0.9875 0.44921875 0.0203125 0.0359375
0 0.74921875 0.25703125 0.02109375 0.05
0 0.790625 0.31953125 0.01796875 0.07421875
0 0.8515625 0.4203125 0.028125 0.05546875
0 0.88984375 0.62890625 0.02421875 0.0640625
0 0.95546875 0.68359375 0.05234375 0.04453125
0 0.6890625 0.73828125 0.01171875 0.06328125
0 0.73046875 0.5859375 0.01328125 0.06484375
0 0.734375 0.6578125 0.02734375 0.046875
0 0.7796875 0.521875 0.0171875 0.06015625
0 0.65234375 0.37890625 0.0109375 0.078125
0 0.38203125 0.465625 0.03203125 0.04140625
0 0.590625 0.60546875 0.02109375 0.06171875
0 0.640625 0.5 0.0171875 0.05703125
0 0.746875 0.48671875 0.0015625 0.0546875
0 0.75390625 0.4109375 0.01484375 0.040625
0 0.71640625 0.53359375 0.00546875 0.05078125