5 0.44375 0.515625 0.1265625 0.05078125
5 0.80546875 0.890625 0.06953125 0.13984375
0 0.328125 0.76796875 0.0734375 0.1546875
0 0.55078125 0.940625 0.04765625 0.11015625
5 0.41875 0.70078125 0.05390625 0.08515625
0 0.11171875 0.15078125 0.04609375 0.23671875
0 0.03515625 0.10859375 0.06875 0.15390625
0 0.271875 0.115625 0.02265625 0.16171875
0 0.8296875 0.20078125 0.05859375 0.0765625
0 0.39921875 0.11875 0.00859375 0.0796875
0 0.29453125 0.11015625 0.02578125 0.04296875
0 0.2765625 0.08046875 0.03984375 0.046875
0 0.44453125 0.10859375 0.04296875 0.10703125
0 0.54609375 0.3640625 0.01953125 0.071875
0 0.54765625 0.365625 0.04140625 0.0265625
0 0.546875 0.39609375 0.00703125 0.053125
0 0.4953125 0.28203125 0.02578125 0.096875
0 0.528125 0.128125 0.00859375 0.07890625
0 0.5609375 0.07578125 0.02265625 0.09375
0 0.6125 0.14921875 0.01171875 0.10390625
0 0.5890625 0.25 0.01171875 0.08671875
0 0.621875 0.315625 0.02734375 0.0390625
0 0.6828125 0.2484375 0.00859375 0.08359375
0 0.69296875 0.0984375 0.02421875 0.09921875
0 0.79609375 0.05859375 0.02890625 0.05390625
0 0.85546875 0.06328125 0.01953125 0.0640625
0 0.96953125 0.04609375 0.04765625 0.03515625
0 0.99140625 0.07421875 0.00859375 0.075
0 0.91484375 0.1734375 0.01484375 0.084375
0 0.85234375 0.17578125 0.02734375 0.065625
0 0.84375 0.18203125 0.0265625 0.071875
0 0.74921875 0.19140625 0.02109375 0.05859375
0 0.8078125 0.25703125 0.0171875 0.0734375
0 0.8734375 0.34140625 0.01328125 0.08984375
0 0.89375 0.2890625 0.01484375 0.06484375
0 0.9203125 0.309375 0.02578125 0.078125
0 0.97578125 0.25546875 0.009375 0.0546875
0 0.95546875 0.60703125 0.01796875 0.0734375
0 0.93671875 0.54921875 0.025 0.10546875
0 0.9015625 0.5875 0.02265625 0.075
0 0.88515625 0.50546875 0.0171875 0.0546875
0 0.83046875 0.47421875 0.0234375 0.0609375
0 0.80703125 0.375 0.028125 0.04609375
0 0.77734375 0.43359375 0.01796875 0.04453125
0 0.753125 0.46875 0.00859375 0.071875
0 0.75390625 0.53359375 0.015625 0.05703125
0 0.7015625 0.4234375 0.0203125 0.0484375
0 0.6609375 0.40859375 0.0234375 0.0796875
0 0.63125 0.39765625 0.009375 0.06171875
0 0.47109375 0.434375 0.05859375 0.03359375
0 0.4140625 0.27265625 0.04296875 0.04140625
0 0.32109375 0.23359375 0.021875 0.046875
0 0.23046875 0.4015625 0.02109375 0.02421875
0 0.16015625 0.1390625 0.021875 0.025
0 0.55390625 0.2875 0.0125 0.065625
0 0.5859375 0.52421875 0.01171875 0.05625
0 0.65078125 0.5375 0.0234375 0.06796875
0 0.71953125 0.65078125 0.00859375 0.08046875
0 0.740625 0.61328125 0.02734375 0.06640625
0 0.46640625 0.7609375 0.01484375 0.0734375
0 0.49765625 0.64921875 0.01484375 0.06640625
0 0.278125 0.74296875 0.01328125 0.0796875
0 0.3484375 0.62734375 0.01171875 0.11796875
0 0.378125 0.81796875 0.01796875 0.084375
0 0.33125 0.83203125 0.02890625 0.05625
0 0.3375 0.890625 0.0515625 0.02421875
0 0.22265625 0.86953125 0.0125 0.03984375
0 0.38203125 0.93671875 0.04140625 0.02109375
0 0.36015625 0.9484375 0.01796875 0.05703125