5 0.66484375 0.271875 0.03125 0.23828125
5 0.8328125 0.43828125 0.05546875 0.1640625
5 0.8640625 0.36328125 0.03984375 0.09609375
5 0.37734375 0.728125 0.08671875 0.1796875
5 0.4734375 0.82578125 0.07578125 0.11640625
0 0.49140625 0.95390625 0.06484375 0.090625
0 0.82109375 0.95859375 0.07265625 0.07578125
5 0.146875 0.43125 0.10703125 0.153125
5 0.2890625 0.22421875 0.05 0.15546875
0 0.42421875 0.42578125 0.03359375 0.08515625
0 0.259375 0.40859375 0.034375 0.1234375
0 0.24921875 0.68671875 0.03984375 0.0984375
0 0.2390625 0.75078125 0.02734375 0.03828125
0 0.22890625 0.77265625 0.01640625 0.04921875
0 0.21171875 0.7640625 0.01640625 0.059375
0 0.203125 0.659375 0.01484375 0.07109375
0 0.34921875 0.61328125 0.046875 0.02578125
0 0.41171875 0.5484375 0.02734375 0.02578125
0 0.39140625 0.484375 0.01640625 0.06328125
5 0.40078125 0.43828125 0.0421875 0.11953125
0 0.43671875 0.328125 0.009375 0.09375
0 0.45546875 0.27578125 0.04453125 0.034375
0 0.515625 0.26328125 0.02109375 0.06640625
0 0.31953125 0.0765625 0.00859375 0.06640625
0 0.178125 0.14921875 0.02734375 0.078125
0 0.1453125 0.05 0.0140625 0.03515625
0 0.01796875 0.43203125 0.03125 0.0546875
0 0.33046875 0.053125 0.01015625 0.040625
0 0.5046875 0.084375 0.021875 0.08828125
0 0.515625 0.0421875 0.01328125 0.02109375
0 0.5859375 0.1140625 0.02421875 0.08046875
0 0.596875 0.0578125 0.01015625 0.05078125
0 0.60234375 0.34453125 0.03515625 0.04921875
0 0.61796875 0.29765625 0.01015625 0.05078125
0 0.54609375 0.203125 0.01875 0.053125
0 0.67109375 0.1109375 0.01953125 0.06875
0 0.71171875 0.0984375 0.02421875 0.071875
0 0.74140625 0.0609375 0.01484375 0.05390625
0 0.76953125 0.06015625 0.01015625 0.05703125
0 0.7859375 0.10546875 0.02421875 0.06953125
0 0.8125 0.084375 0.02578125 0.09375
0 0.82890625 0.20546875 0.040625 0.08125
0 0.875 0.1859375 0.00859375 0.08984375
0 0.9375 0.04453125 0.01015625 0.03359375
0 0.959375 0.0828125 0.03125 0.103125
0 0.9921875 0.0765625 0.01484375 0.06796875
0 0.984375 0.32890625 0.01328125 0.06875
0 0.97734375 0.2359375 0.01875 0.04140625
0 0.93046875 0.34296875 0.01328125 0.0484375
0 0.77578125 0.30703125 0.01875 0.05859375
0 0.8265625 0.31875 0.03359375 0.02421875
0 0.771875 0.2 0.015625 0.078125
0 0.775 0.171875 0.0171875 0.071875
0 0.7359375 0.33125 0.0140625 0.0703125
0 0.728125 0.3171875 0.02421875 0.04140625
0 0.6921875 0.33125 0.0328125 0.0640625
0 0.65234375 0.22734375 0.02421875 0.04375
0 0.60234375 0.42109375 0.02265625 0.05078125
0 0.64765625 0.43984375 0.01328125 0.0703125
0 0.66875 0.509375 0.02109375 0.06015625
0 0.690625 0.51328125 0.00546875 0.0859375
0 0.7109375 0.46796875 0.00859375 0.0484375
0 0.546875 0.7546875 0.0453125 0.03125
0 0.47109375 0.4078125 0.01796875 0.04921875
0 0.56640625 0.39140625 0.01328125 0.03203125
0 0.9890625 0.48046875 0.01875 0.12109375