5 0.48046875 0.75625 0.11328125 0.20859375
5 0.8640625 0.6703125 0.11953125 0.32421875
5 0.93984375 0.22265625 0.11640625 0.125
5 0.840625 0.059375 0.115625 0.05703125
5 0.47734375 0.49453125 0.14375 0.1140625
5 0.43125 0.696875 0.06640625 0.17421875
5 0.40625 0.33359375 0.0296875 0.16875
5 0.35234375 0.25703125 0.03203125 0.13828125
0 0.01015625 0.18046875 0.01953125 0.21875
0 0.02890625 0.61171875 0.0515625 0.09921875
0 0.18828125 0.72578125 0.06015625 0.0515625
0 0.16328125 0.82421875 0.02890625 0.13359375
0 0.278125 0.94921875 0.0671875 0.08046875
0 0.32578125 0.90078125 0.02265625 0.04453125
0 0.45078125 0.91171875 0.03046875 0.03359375
0 0.47890625 0.92109375 0.00859375 0.07890625
0 0.5546875 0.98203125 0.015625 0.028125
0 0.4140625 0.97421875 0.01796875 0.03828125
0 0.121875 0.8890625 0.02734375 0.13203125
0 0.2328125 0.7015625 0.015625 0.0796875
0 0.18203125 0.62734375 0.03203125 0.084375
0 0.18828125 0.48515625 0.03515625 0.13671875
0 0.24375 0.534375 0.05859375 0.03671875
5 0.3703125 0.51484375 0.028125 0.121875
0 0.2296875 0.203125 0.05 0.14375
0 0.1546875 0.0890625 0.01640625 0.06953125
0 0.2453125 0.0515625 0.02890625 0.04296875
0 0.32578125 0.05546875 0.028125 0.0484375
0 0.5125 0.1984375 0.0296875 0.06953125
0 0.46953125 0.20546875 0.03359375 0.0859375
0 0.63203125 0.26015625 0.009375 0.071875
0 0.5734375 0.1734375 0.01171875 0.06484375
0 0.49140625 0.3203125 0.01875 0.03515625
0 0.48359375 0.38125 0.01484375 0.0609375
0 0.3828125 0.415625 0.02421875 0.05703125
0 0.26796875 0.3609375 0.01015625 0.05078125
0 0.4234375 0.60859375 0.03046875 0.06484375
0 0.396875 0.56328125 0.0421875 0.0203125
0 0.653125 0.43359375 0.01953125 0.06875
0 0.70390625 0.42421875 0.01484375 0.075
0 0.7265625 0.4390625 0.01015625 0.06640625
0 0.75 0.49453125 0.00625 0.06015625
0 0.8859375 0.42421875 0.0421875 0.0859375
0 0.896875 0.41875 0.0265625 0.03828125
0 0.98203125 0.44296875 0.0328125 0.03828125
0 0.83515625 0.33671875 0.07265625 0.03359375
0 0.8015625 0.15625 0.03671875 0.06875
0 0.928125 0.0609375 0.04296875 0.0609375
0 0.7125 0.071875 0.0453125 0.04453125
0 0.7515625 0.0484375 0.03515625 0.03984375
0 0.615625 0.046875 0.01953125 0.03046875
0 0.7046875 0.153125 0.0328125 0.0484375
0 0.759375 0.23671875 0.01640625 0.06328125
0 0.79375 0.203125 0.01171875 0.04375
0 0.7875 0.26640625 0.0203125 0.0296875
0 0.73515625 0.3015625 0.03828125 0.053125
0 0.6875 0.3328125 0.02890625 0.0546875
0 0.63828125 0.37421875 0.025 0.0546875
0 0.64921875 0.296875 0.02734375 0.0609375
0 0.584375 0.33828125 0.01015625 0.06015625
0 0.940625 0.29140625 0.01015625 0.06953125
0 0.9375 0.25078125 0.03359375 0.0640625