5 0.5609375 0.3453125 0.11484375 0.14453125
5 0.6671875 0.48046875 0.11015625 0.228125
5 0.8984375 0.5234375 0.17421875 0.18671875
5 0.86015625 0.28046875 0.11640625 0.11953125
5 0.32421875 0.6203125 0.13359375 0.11875
5 0.3109375 0.26640625 0.096875 0.10390625
5 0.6703125 0.10390625 0.13359375 0.0953125
5 0.93125 0.75859375 0.0328125 0.19609375
0 0.66953125 0.97421875 0.10546875 0.04375
5 0.65390625 0.759375 0.07421875 0.146875
5 0.13359375 0.49375 0.02578125 0.24453125
5 0.38125 0.43828125 0.07421875 0.046875
0 0.49765625 0.9015625 0.05859375 0.059375
0 0.546875 0.88046875 0.04609375 0.04296875
0 0.66796875 0.8703125 0.04765625 0.09453125
0 0.83046875 0.390625 0.03046875 0.04921875
0 0.98359375 0.38125 0.02890625 0.0140625
0 0.98203125 0.36171875 0.03203125 0.015625
0 0.9078125 0.24296875 0.03828125 0.08359375
0 0.8015625 0.3859375 0.02421875 0.053125
0 0.79609375 0.33359375 0.02890625 0.05078125
0 0.83828125 0.25390625 0.04296875 0.02890625
0 0.91953125 0.1015625 0.04921875 0.02109375
0 0.84609375 0.12890625 0.0234375 0.03828125
0 0.88359375 0.08046875 0.02109375 0.025
0 0.81953125 0.0921875 0.02890625 0.01171875
0 0.76328125 0.20625 0.04921875 0.04140625
0 0.7015625 0.18828125 0.0203125 0.06015625
0 0.7 0.34921875 0.0234375 0.06171875
0 0.71875 0.29609375 0.02734375 0.03125
0 0.7796875 0.26875 0.04140625 0.03046875
0 0.646875 0.2625 0.021875 0.0640625
0 0.515625 0.321875 0.00859375 0.05859375
0 0.56171875 0.109375 0.0078125 0.08984375
0 0.60625 0.09453125 0.0625 0.04375
0 0.6515625 0.0921875 0.03203125 0.03046875
0 0.42890625 0.06640625 0.034375 0.05703125
0 0.37578125 0.309375 0.0359375 0.0609375
0 0.25625 0.1796875 0.01875 0.0609375
0 0.18984375 0.45546875 0.0203125 0.10078125
0 0.00859375 0.1859375 0.01640625 0.03359375
0 0.15234375 0.67109375 0.01484375 0.0734375
0 0.20390625 0.78359375 0.02578125 0.10546875
0 0.22421875 0.77734375 0.0125 0.075
0 0.321875 0.86171875 0.01328125 0.12421875
0 0.29296875 0.80546875 0.06171875 0.06015625
0 0.34453125 0.8359375 0.034375 0.08359375
0 0.36640625 0.959375 0.06640625 0.04921875
0 0.47265625 0.6078125 0.01953125 0.06953125
0 0.39296875 0.55078125 0.0203125 0.04453125
0 0.3 0.50859375 0.01328125 0.05859375
0 0.27734375 0.59296875 0.03515625 0.05703125
0 0.496875 0.54453125 0.0078125 0.08046875
0 0.57109375 0.60078125 0.01640625 0.078125
0 0.5171875 0.6609375 0.0359375 0.02578125
0 0.51484375 0.61328125 0.040625 0.02421875
0 0.55234375 0.5515625 0.03359375 0.0265625
0 0.65859375 0.46015625 0.03515625 0.02421875
0 0.93671875 0.309375 0.03515625 0.0265625