5 0.8734375 0.128125 0.13046875 0.13359375
5 0.26015625 0.2546875 0.08671875 0.2296875
5 0.49375 0.26875 0.10234375 0.09609375
5 0.65234375 0.14921875 0.09140625 0.06484375
0 0.5765625 0.07109375 0.0953125 0.08671875
5 0.85390625 0.35703125 0.134375 0.15625
5 0.9375 0.6078125 0.09765625 0.16015625
0 0.77734375 0.359375 0.12578125 0.125
5 0.5140625 0.56171875 0.0859375 0.1734375
0 0.24609375 0.621875 0.06484375 0.096875
5 0.78203125 0.64140625 0.07734375 0.11875
0 0.56328125 0.95078125 0.11484375 0.09609375
0 0.73046875 0.7796875 0.07109375 0.08671875
0 0.6171875 0.51796875 0.03828125 0.06875
0 0.48671875 0.403125 0.065625 0.05390625
0 0.27734375 0.11015625 0.04921875 0.0296875
0 0.24296875 0.0703125 0.065625 0.059375
0 0.20859375 0.17890625 0.08203125 0.09609375
0 0.28359375 0.384375 0.05078125 0.06484375
0 0.24296875 0.65390625 0.03515625 0.11328125
0 0.3015625 0.740625 0.084375 0.05
0 0.3359375 0.91875 0.06796875 0.0453125
0 0.359375 0.546875 0.05703125 0.0546875
0 0.575 0.8359375 0.0703125 0.059375
0 0.6015625 0.840625 0.05078125 0.04609375
0 0.45390625 0.96640625 0.0375 0.021875
0 0.41015625 0.93671875 0.09765625 0.12421875
0 0.96953125 0.94140625 0.05546875 0.06953125
0 0.51484375 0.47734375 0.01484375 0.06171875
0 0.46484375 0.528125 0.02109375 0.06640625
0 0.37265625 0.4890625 0.0375 0.03671875
0 0.27578125 0.44453125 0.02109375 0.05078125
0 0.35859375 0.31796875 0.04296875 0.046875
0 0.31953125 0.2640625 0.04296875 0.01875
0 0.37578125 0.2484375 0.01796875 0.0609375
0 0.18828125 0.04609375 0.0234375 0.0296875
0 0.69609375 0.07578125 0.04296875 0.015625
0 0.68984375 0.121875 0.06171875 0.02890625
0 0.72109375 0.1734375 0.0359375 0.046875
5 0.6734375 0.2203125 0.040625 0.0390625
0 0.6921875 0.3140625 0.01640625 0.071875
0 0.73125 0.278125 0.03203125 0.01484375
0 0.85390625 0.24921875 0.04765625 0.02421875
0 0.85859375 0.2015625 0.040625 0.10625
0 0.96875 0.271875 0.0625 0.09921875
0 0.94921875 0.12109375 0.05078125 0.01875
0 0.70078125 0.46171875 0.04609375 0.01640625
0 0.5734375 0.3859375 0.02578125 0.0140625
0 0.54140625 0.284375 0.03515625 0.01796875
0 0.9546875 0.41640625 0.05078125 0.03203125
0 0.8515625 0.10625 0.02890625 0.01640625
0 0.81328125 0.05859375 0.11171875 0.05546875
0 0.80546875 0.271875 0.03359375 0.01640625
0 0.8359375 0.29296875 0.0296875 0.02421875