5 0.4875 0.353125 0.05546875 0.24453125
5 0.765625 0.31875 0.09921875 0.146875
5 0.8625 0.184375 0.1390625 0.16875
5 0.67109375 0.934375 0.084375 0.06328125
5 0.83671875 0.8609375 0.06796875 0.13828125
0 0.6234375 0.9390625 0.059375 0.059375
5 0.89609375 0.50234375 0.05234375 0.165625
5 0.83046875 0.48046875 0.071875 0.16171875
0 0.784375 0.540625 0.0765625 0.109375
0 0.69921875 0.709375 0.065625 0.103125
5 0.325 0.77890625 0.096875 0.05390625
0 0.30546875 0.85234375 0.09609375 0.08046875
0 0.30078125 0.91953125 0.0734375 0.03046875
5 0.2734375 0.53671875 0.10390625 0.09375
0 0.309375 0.1109375 0.10390625 0.1609375
0 0.30859375 0.1125 0.08125 0.11953125
0 0.403125 0.0578125 0.05703125 0.03046875
0 0.54375 0.08828125 0.04296875 0.00625
0 0.57890625 0.08046875 0.06796875 0.1
5 0.66875 0.14140625 0.07109375 0.13046875
0 0.82734375 0.08203125 0.0640625 0.10390625
0 0.95859375 0.15859375 0.08203125 0.10703125
0 0.98359375 0.8234375 0.02890625 0.09140625
0 0.86796875 0.98046875 0.0625 0.0296875
0 0.54296875 0.8078125 0.06328125 0.0640625
0 0.4015625 0.98046875 0.04765625 0.0359375
0 0.2421875 0.83125 0.0203125 0.08359375
0 0.23203125 0.83359375 0.01328125 0.06953125
0 0.2203125 0.6359375 0.03125 0.07578125
0 0.15703125 0.7234375 0.03125 0.05
0 0.0140625 0.596875 0.02734375 0.0390625
0 0.19765625 0.5359375 0.02578125 0.08203125
0 0.58359375 0.43359375 0.03671875 0.0765625
0 0.80234375 0.12421875 0.07109375 0.08125
0 0.80703125 0.0515625 0.021875 0.03984375
0 0.90625 0.05078125 0.04609375 0.02109375
0 0.5125 0.4015625 0.06015625 0.03515625
0 0.49296875 0.27578125 0.06875 0.090625
0 0.5296875 0.309375 0.03828125 0.015625
0 0.64453125 0.28359375 0.03203125 0.0546875
0 0.64609375 0.21640625 0.03046875 0.0359375
0 0.6703125 0.1625 0.053125 0.04375
0 0.6796875 0.19296875 0.040625 0.0140625
0 0.684375 0.13671875 0.0234375 0.01796875
0 0.303125 0.3359375 0.04296875 0.084375
0 0.32265625 0.203125 0.05546875 0.02421875
0 0.359375 0.209375 0.06796875 0.03125
0 0.21953125 0.12421875 0.01875 0.0296875
0 0.33671875 0.2765625 0.04140625 0.021875
0 0.34453125 0.36484375 0.03359375 0.03359375
0 0.4140625 0.45 0.01640625 0.071875
5 0.37109375 0.5 0.04765625 0.05546875
0 0.7296875 0.803125 0.02265625 0.0703125
0 0.5796875 0.80234375 0.0375 0.0234375
0 0.9640625 0.384375 0.0453125 0.0296875
0 0.7453125 0.38359375 0.02890625 0.04296875
0 0.80390625 0.09140625 0.0375 0.01875