0 0.6375 0.184375 0.20234375 0.30625
0 0.81796875 0.09921875 0.0859375 0.140625
0 0.71953125 0.42421875 0.10703125 0.19609375
0 0.8578125 0.18984375 0.0640625 0.06875
0 0.92734375 0.1765625 0.11171875 0.084375
0 0.3859375 0.36328125 0.05625 0.175
0 0.3359375 0.65625 0.075 0.19921875
0 0.4609375 0.63359375 0.06015625 0.084375
0 0.45234375 0.69921875 0.0640625 0.0703125
0 0.4984375 0.70234375 0.078125 0.03203125
0 0.515625 0.7828125 0.04375 0.0640625
0 0.36640625 0.85859375 0.0375 0.0640625
0 0.3484375 0.84765625 0.04453125 0.046875
0 0.2671875 0.85703125 0.015625 0.03671875
0 0.346875 0.14140625 0.04453125 0.053125
0 0.21640625 0.346875 0.01171875 0.05703125
0 0.33515625 0.06328125 0.0171875 0.06171875
0 0.5109375 0.19609375 0.02578125 0.05859375
0 0.51640625 0.2390625 0.05 0.01171875
0 0.6484375 0.07109375 0.0625 0.01875
0 0.48984375 0.3140625 0.05078125 0.0484375
0 0.42734375 0.446875 0.03046875 0.03046875
0 0.52421875 0.39609375 0.04765625 0.02421875
0 0.62265625 0.3359375 0.05390625 0.04140625
0 0.66171875 0.36171875 0.05859375 0.0859375
0 0.671875 0.3484375 0.05625 0.01796875
0 0.71328125 0.30703125 0.03515625 0.015625
0 0.7328125 0.128125 0.0125 0.04921875
0 0.81953125 0.259375 0.02265625 0.028125
0 0.9578125 0.23828125 0.05234375 0.0640625
0 0.96328125 0.1109375 0.06015625 0.075
0 0.88125 0.1453125 0.03359375 0.04296875
0 0.971875 0.32578125 0.05234375 0.06640625
0 0.5734375 0.86953125 0.03515625 0.0546875
0 0.57890625 0.92578125 0.03828125 0.0484375
0 0.57109375 0.9765625 0.06171875 0.046875
0 0.45625 0.9703125 0.046875 0.059375
0 0.9078125 0.709375 0.09609375 0.115625
0 0.91484375 0.85390625 0.090625 0.10078125
0 0.94765625 0.60859375 0.01875 0.09375
0 0.7859375 0.825 0.04609375 0.02578125
0 0.5578125 0.51796875 0.03515625 0.04453125
0 0.59609375 0.52109375 0.0375 0.01640625
0 0.8953125 0.36484375 0.03359375 0.0390625