5 0.62109375 0.25625 0.109375 0.259375
5 0.53671875 0.66875 0.121875 0.15390625
0 0.646875 0.65390625 0.09765625 0.10390625
5 0.909375 0.52734375 0.13359375 0.134375
0 0.475 0.86328125 0.05234375 0.06796875
0 0.4328125 0.921875 0.02421875 0.0640625
0 0.59765625 0.88828125 0.04296875 0.0765625
0 0.6265625 0.78046875 0.0515625 0.08828125
0 0.63671875 0.80546875 0.046875 0.06484375
0 0.60234375 0.7921875 0.05625 0.03828125
0 0.97578125 0.790625 0.0453125 0.084375
0 0.97421875 0.7171875 0.05078125 0.06953125
0 0.77109375 0.31328125 0.08203125 0.04609375
0 0.72578125 0.34609375 0.03828125 0.040625
0 0.75234375 0.3 0.028125 0.04296875
0 0.73828125 0.2984375 0.02578125 0.03125
0 0.6828125 0.3328125 0.04765625 0.03046875
0 0.71953125 0.38203125 0.05546875 0.01640625
0 0.70078125 0.15390625 0.0625 0.03046875
0 0.74140625 0.0734375 0.0625 0.046875
0 0.86015625 0.04921875 0.02890625 0.034375
0 0.90234375 0.1640625 0.03671875 0.096875
0 0.96484375 0.13828125 0.06640625 0.215625
0 0.94609375 0.16328125 0.04765625 0.08125
0 0.9640625 0.25625 0.04453125 0.06171875
0 0.98515625 0.24921875 0.025 0.034375
0 0.47734375 0.1796875 0.05625 0.05390625
0 0.36015625 0.05546875 0.02578125 0.04921875
0 0.22265625 0.31015625 0.02578125 0.0515625
0 0.34140625 0.80625 0.0359375 0.01953125
0 0.4453125 0.84140625 0.04921875 0.0453125
0 0.83828125 0.82421875 0.04140625 0.0265625
0 0.42890625 0.7203125 0.04453125 0.04609375
0 0.40625 0.81328125 0.02109375 0.034375
0 0.45859375 0.50390625 0.03203125 0.0359375
0 0.52109375 0.509375 0.02890625 0.0515625
0 0.6328125 0.509375 0.02578125 0.03359375
0 0.5609375 0.42109375 0.0515625 0.0265625
0 0.6078125 0.42265625 0.05234375 0.01796875
0 0.746875 0.21875 0.015625 0.03125
0 0.52890625 0.1984375 0.0109375 0.06953125
0 0.565625 0.296875 0.0390625 0.02421875
0 0.87109375 0.1765625 0.02265625 0.04375
0 0.90703125 0.125 0.025 0.0484375
0 0.834375 0.2859375 0.03203125 0.02109375
0 0.8890625 0.378125 0.03828125 0.02890625