5 0.55546875 0.5875 0.11484375 0.23984375
5 0.665625 0.54453125 0.08515625 0.26484375
0 0.91015625 0.35078125 0.1765625 0.25859375
0 0.96640625 0.69296875 0.06640625 0.14296875
0 0.96953125 0.63828125 0.05859375 0.090625
5 0.60703125 0.71640625 0.06953125 0.121875
5 0.40703125 0.7484375 0.02734375 0.18671875
0 0.36953125 0.82890625 0.03046875 0.0515625
0 0.47109375 0.80390625 0.04453125 0.08671875
0 0.39921875 0.85625 0.01796875 0.03671875
0 0.36953125 0.78125 0.040625 0.03046875
0 0.434375 0.78046875 0.02890625 0.04609375
0 0.47109375 0.65078125 0.03125 0.03828125
0 0.47578125 0.6109375 0.01953125 0.03046875
0 0.44140625 0.54453125 0.03984375 0.01484375
0 0.46015625 0.4515625 0.01484375 0.06328125
0 0.57265625 0.446875 0.04765625 0.01875
0 0.628125 0.43125 0.04921875 0.01875
0 0.5875 0.85 0.01171875 0.0390625
0 0.8140625 0.81640625 0.05234375 0.0265625
0 0.76953125 0.3578125 0.084375 0.0453125
0 0.69375 0.38203125 0.0515625 0.0359375
0 0.67421875 0.31953125 0.04375 0.03046875
0 0.74140625 0.26171875 0.0453125 0.09453125
0 0.5625 0.31875 0.04375 0.01875
0 0.50859375 0.1828125 0.04453125 0.06953125
0 0.4890625 0.18046875 0.02265625 0.03203125
0 0.5921875 0.06328125 0.01171875 0.06484375
0 0.6703125 0.18515625 0.059375 0.05390625
0 0.721875 0.08125 0.03671875 0.0265625
0 0.74296875 0.06171875 0.03984375 0.059375
0 0.85625 0.06796875 0.04765625 0.071875
0 0.828125 0.128125 0.01875 0.046875
0 0.88515625 0.06875 0.0234375 0.06875
0 0.9640625 0.096875 0.04375 0.059375
0 0.9765625 0.14296875 0.04609375 0.03515625
0 0.96953125 0.2125 0.06015625 0.06015625
0 0.9140625 0.24453125 0.040625 0.065625
0 0.86484375 0.21484375 0.040625 0.03515625
0 0.71171875 0.25703125 0.03046875 0.02421875