5 0.7828125 0.51328125 0.15625 0.15390625
0 0.790625 0.12890625 0.18125 0.19296875
0 0.26953125 0.15546875 0.06796875 0.25390625
5 0.215625 0.49609375 0.05703125 0.2109375
5 0.41953125 0.57265625 0.02734375 0.146875
0 0.40078125 0.69296875 0.025 0.06875
5 0.55625 0.83984375 0.03671875 0.16328125
0 0.77734375 0.2375 0.02890625 0.1234375
0 0.82109375 0.2765625 0.06015625 0.04453125
0 0.96875 0.08515625 0.05625 0.0609375
0 0.765625 0.07890625 0.0625 0.05703125
0 0.571875 0.18984375 0.0359375 0.07578125
0 0.41875 0.053125 0.04453125 0.02109375
0 0.62109375 0.309375 0.0328125 0.0609375
0 0.71171875 0.34296875 0.03046875 0.08125
0 0.77109375 0.38203125 0.0484375 0.028125
0 0.9125 0.3046875 0.04453125 0.04453125
0 0.85625 0.1890625 0.0140625 0.0453125
0 0.89140625 0.87109375 0.12265625 0.11171875
0 0.7171875 0.965625 0.07421875 0.065625
0 0.54765625 0.6234375 0.05703125 0.06875
0 0.609375 0.42421875 0.03515625 0.0859375