5 0.55859375 0.534375 0.134375 0.084375
0 0.48359375 0.1703125 0.07421875 0.28359375
5 0.5484375 0.425 0.02578125 0.29296875
0 0.83515625 0.79453125 0.11015625 0.11796875
0 0.53203125 0.6171875 0.05390625 0.08046875
0 0.71171875 0.5609375 0.05078125 0.05703125
0 0.275 0.89453125 0.03515625 0.0390625
0 0.878125 0.9109375 0.05703125 0.09609375
0 0.6625 0.36953125 0.034375 0.05078125
0 0.4453125 0.08671875 0.015625 0.040625
0 0.69765625 0.10625 0.02734375 0.065625
0 0.72578125 0.35703125 0.040625 0.04296875
0 0.8125 0.321875 0.0359375 0.05859375
0 0.91796875 0.30625 0.04921875 0.04296875
0 0.903125 0.1484375 0.04453125 0.0734375
0 0.86796875 0.12734375 0.0515625 0.0234375
0 0.865625 0.0796875 0.01328125 0.0609375
0 0.875 0.38046875 0.03046875 0.03203125