5 0.50390625 0.30546875 0.034375 0.25390625
0 0.46796875 0.121875 0.03359375 0.18046875
5 0.4015625 0.5734375 0.02890625 0.13515625
0 0.89296875 0.78359375 0.1046875 0.11796875
0 0.5609375 0.55703125 0.03046875 0.0984375
0 0.33125 0.83046875 0.02890625 0.0296875
0 0.865625 0.93125 0.0453125 0.10546875
0 0.8640625 0.84921875 0.03359375 0.08046875
0 0.73203125 0.5203125 0.03515625 0.06328125
0 0.88828125 0.34921875 0.03671875 0.0515625
0 0.8546875 0.39453125 0.02734375 0.028125
0 0.88046875 0.13828125 0.03828125 0.07109375
0 0.82578125 0.059375 0.015625 0.04296875
0 0.70234375 0.04921875 0.01953125 0.0296875
0 0.43125 0.14296875 0.0046875 0.053125
0 0.80078125 0.35859375 0.0296875 0.021875