1 0.41171875 0.77578125 0.03828125 0.01796875
1 0.5875 0.684375 0.03515625 0.0359375
1 0.55859375 0.746875 0.05390625 0.040625
1 0.6296875 0.8109375 0.0453125 0.02421875
1 0.56953125 0.8125 0.03125 0.02109375
0 0.775 0.7734375 0.04609375 0.02109375
1 0.76640625 0.82265625 0.05234375 0.0546875
1 0.81875 0.87421875 0.046875 0.04921875
0 0.88828125 0.51171875 0.05546875 0.021875
0 0.93671875 0.5734375 0.0515625 0.0265625
0 0.95625 0.60625 0.04765625 0.025
0 0.97265625 0.65390625 0.053125 0.04453125