1 0.64375 0.740625 0.05390625 0.0453125
1 0.69296875 0.8640625 0.06015625 0.046875
0 0.78125 0.7640625 0.02421875 0.028125
1 0.78125 0.37109375 0.1671875 0.14375
1 0.753125 0.28359375 0.0734375 0.01171875
0 0.81171875 0.0734375 0.05234375 0.059375
0 0.98203125 0.16796875 0.02109375 0.12421875
0 0.74921875 0.93203125 0.0375 0.08671875
0 0.89453125 0.7 0.028125 0.03359375
0 0.86015625 0.85390625 0.01640625 0.04921875
0 0.43828125 0.63828125 0.02109375 0.0453125
0 0.45703125 0.76171875 0.015625 0.01484375
0 0.4828125 0.7453125 0.01171875 0.02421875