1 0.4359375 0.37734375 0.1109375 0.08984375
1 0.49375 0.29296875 0.06796875 0.096875
1 0.2640625 0.32109375 0.14609375 0.159375
1 0.2140625 0.415625 0.08046875 0.128125
0 0.18515625 0.54609375 0.01015625 0.10390625
1 0.0875 0.703125 0.090625 0.12421875
1 0.365625 0.62109375 0.10859375 0.08671875
1 0.2703125 0.7625 0.09453125 0.09375
0 0.30625 0.79375 0.04765625 0.1265625
1 0.515625 0.79296875 0.03359375 0.03203125
0 0.53828125 0.75546875 0.03984375 0.0484375
0 0.55390625 0.76875 0.03203125 0.0359375
0 0.4859375 0.8140625 0.0265625 0.04375
0 0.45625 0.85234375 0.04765625 0.04921875
0 0.41796875 0.83125 0.01640625 0.03203125
0 0.678125 0.91328125 0.06796875 0.03203125
0 0.61015625 0.834375 0.0296875 0.0609375
0 0.65390625 0.85703125 0.03671875 0.02109375
0 0.62421875 0.73984375 0.0328125 0.01484375
1 0.6578125 0.69140625 0.1203125 0.0734375
0 0.67109375 0.73671875 0.025 0.03359375
0 0.70234375 0.8046875 0.03671875 0.0484375
0 0.63671875 0.803125 0.03203125 0.0203125
0 0.6125 0.78125 0.02578125 0.01796875
0 0.75 0.81875 0.03203125 0.03984375
0 0.7328125 0.58046875 0.08515625 0.040625
0 0.6734375 0.6234375 0.03515625 0.0640625
0 0.7234375 0.2984375 0.1859375 0.19921875
0 0.8140625 0.3046875 0.02265625 0.11640625
0 0.6625 0.25078125 0.04453125 0.08046875
0 0.9234375 0.2546875 0.06015625 0.090625
0 0.1046875 0.803125 0.078125 0.01875