0 0.35390625 0.5046875 0.06328125 0.12578125
0 0.29921875 0.140625 0.06015625 0.20546875
0 0.18515625 0.12734375 0.10859375 0.1640625
0 0.20859375 0.7859375 0.07109375 0.03125
0 0.5515625 0.6359375 0.11796875 0.11796875
0 0.375 0.68046875 0.1125 0.13671875
0 0.57890625 0.5328125 0.0203125 0.05859375
0 0.68359375 0.5359375 0.1078125 0.10546875
0 0.8 0.34453125 0.12265625 0.1953125
0 0.68671875 0.671875 0.12578125 0.0453125
0 0.78828125 0.64140625 0.06875 0.09296875
0 0.7640625 0.78125 0.075 0.10390625
0 0.62265625 0.75859375 0.034375 0.03515625