0 0.45625 0.48203125 0.14765625 0.27890625
0 0.4296875 0.2125 0.1171875 0.29375
0 0.259375 0.803125 0.06484375 0.04609375
0 0.334375 0.79921875 0.103125 0.07109375
0 0.54453125 0.7921875 0.04140625 0.0453125
0 0.66640625 0.5375 0.196875 0.21171875
0 0.565625 0.4796875 0.01484375 0.06875
0 0.634375 0.6359375 0.028125 0.04375
0 0.67734375 0.68359375 0.03828125 0.0390625
0 0.7375 0.58046875 0.05390625 0.05703125
0 0.81328125 0.39296875 0.0890625 0.0734375
0 0.80234375 0.634375 0.12890625 0.0515625
0 0.88984375 0.678125 0.16328125 0.08671875
0 0.6625 0.7421875 0.0421875 0.02890625
0 0.79375 0.7234375 0.03828125 0.0265625