5 0.65859375 0.35546875 0.06484375 0.05859375
5 0.45078125 0.31484375 0.05078125 0.05546875
5 0.59921875 0.453125 0.03828125 0.078125
0 0.96796875 0.39296875 0.04453125 0.04140625
0 0.96953125 0.496875 0.03984375 0.040625
0 0.81953125 0.4578125 0.040625 0.03984375
0 0.71953125 0.54296875 0.03515625 0.0203125
0 0.328125 0.65546875 0.05546875 0.046875
0 0.24140625 0.58046875 0.09921875 0.053125
0 0.21328125 0.53828125 0.01640625 0.0484375
0 0.18984375 0.49609375 0.0171875 0.06328125
0 0.76484375 0.67109375 0.03984375 0.01796875
0 0.58203125 0.55859375 0.03203125 0.01796875
0 0.54375 0.61796875 0.02734375 0.0203125
0 0.6421875 0.60390625 0.03359375 0.01953125
0 0.69765625 0.675 0.04140625 0.01640625
0 0.6890625 0.73359375 0.03671875 0.03046875
0 0.815625 0.70859375 0.0328125 0.0265625