0 0.390625 0.54375 0.06875 0.04921875
5 0.290625 0.4125 0.0453125 0.08203125
0 0.3703125 0.11875 0.02265625 0.071875
0 0.27265625 0.33828125 0.01640625 0.06015625
0 0.875 0.07890625 0.07265625 0.1
5 0.59453125 0.48125 0.053125 0.03046875
0 0.50078125 0.53828125 0.0390625 0.02109375
0 0.43203125 0.5609375 0.0296875 0.0265625
5 0.3921875 0.47421875 0.07578125 0.08515625
0 0.625 0.4890625 0.03359375 0.04375
0 0.8171875 0.54453125 0.04765625 0.0296875
0 0.89921875 0.5421875 0.04296875 0.02890625
0 0.8671875 0.67890625 0.04140625 0.02890625
0 0.934375 0.621875 0.0484375 0.040625
0 0.98046875 0.34609375 0.0359375 0.03359375
0 0.56953125 0.68515625 0.07421875 0.04296875
0 0.65078125 0.5421875 0.040625 0.02890625
0 0.6671875 0.55703125 0.0359375 0.01640625
0 0.73125 0.603125 0.03203125 0.02109375
0 0.8078125 0.790625 0.0390625 0.0234375
0 0.809375 0.52734375 0.03671875 0.0265625