6 0.36875 0.51953125 0.21875 0.1703125
1 0.05234375 0.365625 0.09609375 0.06015625
1 0.090625 0.32890625 0.059375 0.103125
0 0.015625 0.384375 0.0296875 0.06484375
1 0.06484375 0.44140625 0.07109375 0.053125
0 0.1984375 0.40390625 0.03359375 0.05546875
0 0.2453125 0.5734375 0.07265625 0.065625
0 0.32421875 0.62890625 0.04609375 0.0453125
0 0.29296875 0.5375 0.0234375 0.06796875
0 0.26796875 0.54453125 0.02421875 0.0390625
0 0.45078125 0.69609375 0.04453125 0.03984375
5 0.6984375 0.54140625 0.10859375 0.11796875
5 0.8109375 0.49921875 0.13359375 0.09609375