5 0.490625 0.340625 0.24453125 0.10078125
6 0.4765625 0.4390625 0.32265625 0.17421875
1 0.05703125 0.434375 0.06484375 0.04140625
0 0.1484375 0.4203125 0.05234375 0.08515625
0 0.1859375 0.43828125 0.02890625 0.07890625
0 0.28828125 0.42890625 0.03046875 0.090625
0 0.28125 0.4734375 0.0515625 0.04140625
5 0.31328125 0.515625 0.12890625 0.0515625
0 0.32890625 0.59296875 0.06171875 0.0484375
0 0.265625 0.6015625 0.07734375 0.05703125
1 0.27578125 0.63828125 0.08125 0.05859375
1 0.6265625 0.5421875 0.06328125 0.06796875