5 0.2984375 0.25859375 0.11171875 0.12421875
6 0.95859375 0.38125 0.08125 0.10703125
0 0.86171875 0.5109375 0.06640625 0.04140625
5 0.59765625 0.484375 0.05859375 0.08671875
5 0.58046875 0.5765625 0.13984375 0.10859375
5 0.49453125 0.31953125 0.02890625 0.11640625
0 0.15 0.45390625 0.06015625 0.03671875
0 0.2015625 0.45625 0.05390625 0.06484375
0 0.24765625 0.5203125 0.05703125 0.0515625
0 0.33515625 0.60078125 0.03359375 0.02421875
0 0.41328125 0.56640625 0.01796875 0.02578125
0 0.4984375 0.68125 0.07421875 0.03203125
0 0.7484375 0.8015625 0.05234375 0.0484375