0 0.8625 0.11640625 0.1171875 0.171875
0 0.3015625 0.309375 0.0609375 0.08203125
0 0.28125 0.19296875 0.0671875 0.034375
0 0.46875 0.2125 0.059375 0.01953125
0 0.496875 0.11953125 0.01328125 0.078125
0 0.57109375 0.24140625 0.0265625 0.06171875
1 0.75859375 0.421875 0.06875 0.1234375
0 0.8515625 0.446875 0.0609375 0.05390625
0 0.91953125 0.4296875 0.0671875 0.08515625
1 0.61328125 0.44140625 0.05078125 0.090625
0 0.53984375 0.61796875 0.03515625 0.0984375
0 0.5640625 0.66953125 0.0234375 0.10546875
0 0.46640625 0.6515625 0.02265625 0.07890625
0 0.4390625 0.79375 0.03671875 0.059375
0 0.61640625 0.7734375 0.06484375 0.04296875
0 0.65078125 0.56875 0.0515625 0.0390625
0 0.7171875 0.55859375 0.03046875 0.0734375
0 0.984375 0.25078125 0.02734375 0.11484375
0 0.9875 0.33203125 0.02109375 0.03203125
0 0.7421875 0.27890625 0.02890625 0.04296875
0 0.84140625 0.196875 0.03359375 0.06640625
0 0.37265625 0.11328125 0.0359375 0.040625
0 0.059375 0.18046875 0.05234375 0.06015625
0 0.0828125 0.2734375 0.0515625 0.0484375
0 0.2703125 0.56171875 0.04453125 0.05
0 0.23046875 0.53984375 0.03515625 0.02578125
0 0.2140625 0.43828125 0.05078125 0.03046875
0 0.28359375 0.42890625 0.03828125 0.0203125
0 0.315625 0.45078125 0.02421875 0.046875
0 0.40859375 0.40703125 0.03828125 0.05078125
0 0.43515625 0.36328125 0.0390625 0.07109375
0 0.49765625 0.38203125 0.0140625 0.0203125
0 0.6796875 0.37109375 0.021875 0.0484375
0 0.72109375 0.37890625 0.01953125 0.04296875
0 0.7484375 0.33515625 0.01953125 0.03359375
0 0.88984375 0.57734375 0.025 0.046875
0 0.9625 0.7578125 0.0453125 0.0359375
0 0.80078125 0.8734375 0.0234375 0.06171875
0 0.6515625 0.93125 0.03828125 0.03984375
0 0.3359375 0.803125 0.03359375 0.03046875
0 0.2171875 0.85859375 0.02890625 0.02890625
0 0.46484375 0.58203125 0.0421875 0.05078125
0 0.49921875 0.5359375 0.0140625 0.05703125
0 0.48828125 0.6984375 0.03515625 0.0265625
0 0.68203125 0.70546875 0.04140625 0.05703125
0 0.76796875 0.490625 0.02890625 0.05703125
0 0.6 0.65546875 0.0390625 0.0546875
0 0.8546875 0.62578125 0.02734375 0.065625