1 0.628125 0.1984375 0.0453125 0.18828125
1 0.38515625 0.4140625 0.04296875 0.15546875
1 0.27734375 0.3203125 0.090625 0.16875
0 0.14453125 0.22421875 0.1171875 0.11953125
0 0.05625 0.65703125 0.1109375 0.17109375
0 0.85546875 0.3140625 0.03046875 0.1140625
0 0.86015625 0.31328125 0.03828125 0.1703125
0 0.86484375 0.21328125 0.04921875 0.0484375
0 0.8625 0.10625 0.03125 0.15
0 0.496875 0.0734375 0.05078125 0.0859375
0 0.6890625 0.35 0.04921875 0.0484375
0 0.77109375 0.83125 0.0609375 0.19453125
0 0.75859375 0.740625 0.05234375 0.0453125
0 0.8796875 0.453125 0.04765625 0.08203125
0 0.60625 0.5453125 0.05390625 0.03125
0 0.62109375 0.41015625 0.040625 0.0484375
0 0.52109375 0.4640625 0.02578125 0.040625
0 0.45546875 0.396875 0.01484375 0.06875
0 0.346875 0.31953125 0.0390625 0.05703125
0 0.53515625 0.37578125 0.02265625 0.03046875
0 0.78046875 0.26953125 0.0296875 0.0609375
0 0.72109375 0.340625 0.025 0.06796875
0 0.73125 0.3390625 0.0390625 0.05390625
0 0.7078125 0.403125 0.01171875 0.0484375
0 0.70859375 0.47578125 0.046875 0.028125
0 0.60390625 0.61875 0.05546875 0.046875
0 0.9765625 0.415625 0.0421875 0.05078125
0 0.90703125 0.0671875 0.04296875 0.07109375
0 0.4171875 0.7609375 0.04765625 0.03046875
0 0.23671875 0.63828125 0.03359375 0.071875
0 0.2015625 0.4875 0.05390625 0.0265625
0 0.3875 0.1703125 0.02578125 0.059375
0 0.49765625 0.63984375 0.02421875 0.090625
0 0.53125 0.68359375 0.021875 0.0453125
0 0.6859375 0.66328125 0.0328125 0.0390625
0 0.47109375 0.5484375 0.0203125 0.04453125
0 0.35625 0.78671875 0.01484375 0.0453125
0 0.59453125 0.8265625 0.05234375 0.07890625
0 0.88125 0.51640625 0.03046875 0.071875
0 0.109375 0.38125 0.05 0.0359375
0 0.28046875 0.153125 0.03203125 0.05078125
0 0.3015625 0.95390625 0.05546875 0.075
0 0.3296875 0.8921875 0.0328125 0.034375