1 0.22734375 0.09921875 0.18515625 0.134375
0 0.12421875 0.44140625 0.11953125 0.071875
0 0.446875 0.084375 0.07109375 0.08125
0 0.5109375 0.078125 0.09609375 0.09921875
0 0.86484375 0.115625 0.0234375 0.10390625
0 0.91875 0.07265625 0.0390625 0.084375
0 0.82265625 0.18359375 0.05859375 0.06328125
0 0.85859375 0.18515625 0.05078125 0.05390625
1 0.55703125 0.91953125 0.17890625 0.1203125
0 0.5453125 0.40625 0.1 0.04453125
0 0.44140625 0.35703125 0.03203125 0.065625
0 0.159375 0.3234375 0.09140625 0.05703125
0 0.07734375 0.35078125 0.040625 0.0609375
0 0.10703125 0.3703125 0.05078125 0.03359375
0 0.44765625 0.53828125 0.07734375 0.071875
0 0.3953125 0.4734375 0.04609375 0.03359375
0 0.2 0.75546875 0.08515625 0.065625
0 0.265625 0.70078125 0.078125 0.0953125
0 0.30546875 0.72109375 0.05546875 0.109375
0 0.4859375 0.69921875 0.04609375 0.0390625
0 0.58203125 0.70625 0.059375 0.0359375
0 0.58046875 0.75078125 0.059375 0.0390625
0 0.73125 0.753125 0.059375 0.08671875
0 0.95078125 0.6734375 0.07890625 0.07890625
0 0.93515625 0.40390625 0.01875 0.0796875
0 0.76796875 0.31328125 0.03046875 0.06875
0 0.75390625 0.384375 0.01953125 0.05078125
0 0.6765625 0.56484375 0.0265625 0.06640625
0 0.9765625 0.11875 0.02734375 0.09609375
0 0.753125 0.6578125 0.02578125 0.0546875
0 0.5875 0.35859375 0.0234375 0.07421875
0 0.5765625 0.3828125 0.01640625 0.03984375
0 0.5265625 0.43828125 0.01953125 0.0546875
0 0.18203125 0.4890625 0.04921875 0.078125
0 0.12109375 0.42578125 0.04921875 0.0296875
0 0.1484375 0.51953125 0.06328125 0.03515625
0 0.80625 0.82109375 0.02734375 0.04296875
0 0.66328125 0.61015625 0.04296875 0.02421875
0 0.415625 0.12578125 0.01796875 0.07578125