1 0.72265625 0.30703125 0.13984375 0.2140625
1 0.5015625 0.33046875 0.12578125 0.09140625
1 0.5296875 0.45625 0.11484375 0.0546875
0 0.80078125 0.10625 0.04609375 0.15
0 0.875 0.17421875 0.03203125 0.1046875
0 0.875 0.0609375 0.0203125 0.06015625
0 0.80625 0.2890625 0.03046875 0.08828125
0 0.9671875 0.45625 0.0328125 0.13984375
1 0.646875 0.95859375 0.13359375 0.06953125
0 0.71484375 0.83515625 0.04765625 0.0484375
0 0.68125 0.74296875 0.07734375 0.03671875
0 0.57578125 0.59453125 0.04453125 0.04140625
0 0.6125 0.5265625 0.03671875 0.04609375
0 0.65234375 0.47421875 0.03359375 0.05546875
0 0.34453125 0.30390625 0.040625 0.13984375
0 0.30546875 0.08203125 0.06484375 0.10390625
0 0.20234375 0.328125 0.04609375 0.134375
0 0.071875 0.8015625 0.03203125 0.146875
0 0.084375 0.55390625 0.05078125 0.0484375
0 0.1546875 0.5734375 0.0203125 0.08125
0 0.040625 0.40390625 0.05859375 0.02578125
0 0.2796875 0.8671875 0.06796875 0.03984375
0 0.4140625 0.9515625 0.09296875 0.04609375
0 0.4890625 0.24609375 0.01953125 0.1109375
0 0.584375 0.3 0.04609375 0.071875
0 0.109375 0.27890625 0.02890625 0.1140625
0 0.178125 0.08203125 0.02734375 0.06953125
0 0.0203125 0.3046875 0.040625 0.065625
0 0.0515625 0.49921875 0.04140625 0.04296875
0 0.33203125 0.40546875 0.03515625 0.0859375
0 0.55078125 0.63046875 0.034375 0.03203125
0 0.23359375 0.7234375 0.04765625 0.03125