1 0.32265625 0.3109375 0.03671875 0.2703125
5 0.3515625 0.67578125 0.26875 0.16015625
1 0.81484375 0.2109375 0.13671875 0.203125
0 0.60546875 0.075 0.07734375 0.0890625
1 0.596875 0.29921875 0.0859375 0.1453125
0 0.43203125 0.45078125 0.05390625 0.19140625
5 0.65546875 0.575 0.08515625 0.190625
0 0.96015625 0.3609375 0.0765625 0.13515625
0 0.971875 0.29375 0.05234375 0.0609375
0 0.66015625 0.06171875 0.03828125 0.06171875
0 0.34453125 0.071875 0.01484375 0.08125
0 0.17734375 0.06875 0.01796875 0.07578125
0 0.14453125 0.21796875 0.04453125 0.13203125
0 0.06875 0.31640625 0.04453125 0.0765625
0 0.059375 0.40234375 0.07421875 0.1265625
0 0.1046875 0.509375 0.05390625 0.10859375
0 0.1875 0.53359375 0.01484375 0.11796875
0 0.2015625 0.4375 0.04375 0.09375
0 0.2234375 0.3015625 0.0421875 0.1
0 0.20390625 0.16953125 0.01171875 0.078125
0 0.26640625 0.4078125 0.04453125 0.09140625
0 0.42734375 0.34609375 0.03125 0.06328125
0 0.440625 0.390625 0.028125 0.06015625
0 0.50078125 0.39921875 0.021875 0.0734375
0 0.40546875 0.18515625 0.0171875 0.05546875
0 0.6890625 0.4640625 0.04609375 0.06953125
0 0.75 0.53203125 0.05234375 0.03359375
0 0.69140625 0.58515625 0.046875 0.1203125
0 0.921875 0.74375 0.084375 0.053125
0 0.88671875 0.771875 0.05078125 0.08046875
0 0.7171875 0.8640625 0.10546875 0.08828125
0 0.79609375 0.95390625 0.0421875 0.090625
0 0.4984375 0.93125 0.05390625 0.13515625
0 0.11875 0.8078125 0.05703125 0.03984375
0 0.5875 0.715625 0.02578125 0.1203125
0 0.49453125 0.8 0.07421875 0.0484375
0 0.328125 0.78828125 0.07421875 0.06640625
0 0.3859375 0.77890625 0.04921875 0.04921875
0 0.4640625 0.71484375 0.08046875 0.05390625
0 0.38828125 0.52578125 0.04921875 0.0296875
0 0.6015625 0.80546875 0.0203125 0.05078125
0 0.79453125 0.76171875 0.040625 0.05
0 0.7140625 0.596875 0.0390625 0.03359375
0 0.4453125 0.834375 0.0828125 0.0453125
0 0.78828125 0.82109375 0.0265625 0.053125
0 0.47578125 0.61328125 0.05390625 0.08515625