5 0.75625 0.38515625 0.140625 0.23125
1 0.6140625 0.30546875 0.0609375 0.29609375
0 0.8375 0.1265625 0.04453125 0.1953125
0 0.7609375 0.1359375 0.028125 0.13046875
0 0.91796875 0.31640625 0.01328125 0.11015625
0 0.9578125 0.40859375 0.075 0.04296875
1 0.61328125 0.5828125 0.1 0.06171875
0 0.72578125 0.60078125 0.07578125 0.0546875
0 0.5265625 0.51953125 0.05234375 0.0984375
0 0.90703125 0.8359375 0.059375 0.0484375
0 0.871875 0.95859375 0.07578125 0.04609375
0 0.0734375 0.63515625 0.03046875 0.1484375
0 0.03125 0.63671875 0.05859375 0.05546875
0 0.190625 0.37109375 0.0625 0.078125
0 0.39453125 0.284375 0.04765625 0.13984375
0 0.46875 0.246875 0.06875 0.0859375
0 0.4765625 0.27421875 0.05078125 0.153125
0 0.43515625 0.10078125 0.04296875 0.12109375
0 0.51484375 0.15390625 0.0125 0.08671875
0 0.36015625 0.2453125 0.04296875 0.13359375
0 0.2484375 0.14140625 0.02890625 0.05859375
0 0.4640625 0.659375 0.08203125 0.03828125
0 0.53359375 0.63125 0.0625 0.0484375
0 0.53671875 0.73203125 0.071875 0.03828125
0 0.61875 0.69921875 0.0609375 0.0515625
0 0.69609375 0.69296875 0.04921875 0.02890625
0 0.8765625 0.53046875 0.03671875 0.04375
0 0.884375 0.51953125 0.0109375 0.07421875
0 0.75546875 0.51328125 0.01484375 0.046875
0 0.6890625 0.540625 0.03359375 0.0359375
0 0.56640625 0.53515625 0.05625 0.02421875
0 0.584375 0.44296875 0.04921875 0.10390625
0 0.40546875 0.37421875 0.0390625 0.0390625
0 0.35546875 0.4578125 0.01171875 0.06171875
0 0.26796875 0.3140625 0.01640625 0.065625
0 0.15703125 0.4484375 0.0328125 0.09375
0 0.1796875 0.43515625 0.034375 0.03671875
0 0.2953125 0.38125 0.03046875 0.03671875
0 0.6140625 0.7921875 0.05703125 0.03828125
0 0.603125 0.8734375 0.0546875 0.03359375
0 0.31953125 0.7234375 0.053125 0.05
0 0.35625 0.696875 0.04609375 0.03671875
0 0.51484375 0.5875 0.05546875 0.034375
0 0.38984375 0.65546875 0.01640625 0.04921875
0 0.4546875 0.865625 0.03984375 0.0359375
0 0.28828125 0.48125 0.03046875 0.04140625
0 0.2328125 0.52578125 0.03984375 0.05390625
0 0.21328125 0.209375 0.02109375 0.046875
0 0.78125 0.71015625 0.04140625 0.02421875
0 0.77734375 0.74609375 0.0359375 0.025