0 0.44140625 0.18359375 0.021875 0.1046875
0 0.575 0.15078125 0.07578125 0.03828125
0 0.6578125 0.278125 0.0234375 0.16953125
0 0.92890625 0.1 0.03671875 0.1390625
0 0.9828125 0.1265625 0.034375 0.03359375
0 0.934375 0.57265625 0.07265625 0.09375
0 0.86953125 0.50390625 0.040625 0.08984375
0 0.925 0.46796875 0.0234375 0.08671875
0 0.89453125 0.471875 0.028125 0.07109375
0 0.85703125 0.46953125 0.01875 0.06875
0 0.84375 0.62421875 0.07265625 0.065625
0 0.80625 0.7234375 0.06484375 0.03359375
0 0.528125 0.584375 0.0703125 0.05078125
0 0.58203125 0.5390625 0.04296875 0.04375
0 0.640625 0.42578125 0.0140625 0.084375
0 0.75078125 0.38671875 0.01796875 0.090625
0 0.17578125 0.12109375 0.04609375 0.08828125
0 0.403125 0.1984375 0.04765625 0.05859375
0 0.42109375 0.246875 0.03203125 0.0515625
0 0.390625 0.309375 0.03359375 0.05703125
0 0.546875 0.409375 0.01484375 0.06796875
0 0.67265625 0.56640625 0.02109375 0.06328125
0 0.40703125 0.48203125 0.04140625 0.0703125
0 0.20859375 0.4890625 0.0515625 0.04140625
0 0.11171875 0.803125 0.046875 0.0734375
0 0.2203125 0.840625 0.04765625 0.06484375
0 0.184375 0.90703125 0.0546875 0.03359375
0 0.31171875 0.50234375 0.03984375 0.03984375
0 0.14375 0.290625 0.04765625 0.04296875
0 0.215625 0.29921875 0.02734375 0.04296875
0 0.59453125 0.65859375 0.03515625 0.06953125
0 0.65546875 0.63828125 0.06328125 0.03359375
0 0.6875 0.671875 0.05625 0.01953125
0 0.69921875 0.75703125 0.05234375 0.03671875
0 0.59453125 0.753125 0.0625 0.034375
0 0.80546875 0.92421875 0.04453125 0.0296875
0 0.2515625 0.40078125 0.01484375 0.04609375
0 0.90078125 0.54609375 0.05234375 0.03671875
0 0.903125 0.7140625 0.0328125 0.03203125
0 0.4828125 0.74609375 0.0375 0.03046875
0 0.43515625 0.77734375 0.02890625 0.03984375