0 0.528125 0.2140625 0.0578125 0.05703125
0 0.50859375 0.103125 0.04140625 0.1453125
0 0.66015625 0.1484375 0.025 0.13203125
5 0.68125 0.38828125 0.09609375 0.03984375
0 0.70078125 0.2765625 0.065625 0.040625
0 0.70234375 0.103125 0.06328125 0.025
0 0.7421875 0.06640625 0.02578125 0.071875
0 0.87265625 0.0390625 0.0921875 0.0203125
0 0.97578125 0.24140625 0.04453125 0.03828125
0 0.9796875 0.29453125 0.03984375 0.0640625
0 0.9828125 0.35390625 0.0328125 0.040625
0 0.878125 0.4515625 0.04765625 0.0390625
0 0.75390625 0.35859375 0.04453125 0.03984375
0 0.634375 0.353125 0.04921875 0.0453125
0 0.50859375 0.3734375 0.05703125 0.04375
0 0.44375 0.2453125 0.0171875 0.13125
0 0.4484375 0.11171875 0.0609375 0.0296875
0 0.30390625 0.115625 0.06953125 0.0296875
0 0.225 0.09375 0.0328125 0.1265625
0 0.2328125 0.14296875 0.03515625 0.08515625
0 0.3484375 0.3859375 0.0453125 0.08046875
0 0.69140625 0.540625 0.040625 0.13671875
0 0.728125 0.528125 0.0359375 0.09609375
0 0.75390625 0.44609375 0.04140625 0.09921875
0 0.859375 0.5265625 0.0640625 0.06953125
0 0.96171875 0.52890625 0.059375 0.0734375
0 0.80234375 0.62578125 0.07734375 0.03359375
0 0.52265625 0.584375 0.04921875 0.05078125
0 0.340625 0.596875 0.04453125 0.03984375
0 0.225 0.40390625 0.0453125 0.06328125
0 0.23125 0.3484375 0.04453125 0.02421875
0 0.30234375 0.22890625 0.02890625 0.05078125
0 0.52265625 0.31171875 0.0453125 0.046875
0 0.621875 0.553125 0.04453125 0.03515625
0 0.64375 0.65234375 0.0328125 0.06015625
0 0.74140625 0.64921875 0.03203125 0.0546875
0 0.84296875 0.62109375 0.04609375 0.05703125
0 0.9375 0.63671875 0.06796875 0.09609375
0 0.984375 0.70078125 0.02890625 0.0609375
0 0.83046875 0.8453125 0.075 0.03671875
0 0.91640625 0.86796875 0.02421875 0.08046875
0 0.95234375 0.77109375 0.05078125 0.034375
0 0.72578125 0.76171875 0.05390625 0.06328125
0 0.628125 0.75078125 0.0484375 0.03828125
0 0.5828125 0.775 0.04765625 0.0390625
0 0.8484375 0.80234375 0.05546875 0.07109375
0 0.865625 0.68359375 0.04609375 0.05078125
0 0.83046875 0.75078125 0.04296875 0.03359375
0 0.36484375 0.4796875 0.02890625 0.0515625
0 0.40546875 0.63359375 0.01171875 0.05390625
0 0.196875 0.22109375 0.02734375 0.040625
0 0.15703125 0.17109375 0.01328125 0.0703125
0 0.34140625 0.40703125 0.03984375 0.05625
0 0.86171875 0.4546875 0.04609375 0.02578125