1 0.671875 0.4296875 0.12265625 0.1515625
1 0.63203125 0.55390625 0.11484375 0.11171875
1 0.94921875 0.21171875 0.0953125 0.10390625
0 0.76328125 0.075 0.03203125 0.08671875
0 0.29453125 0.11171875 0.03125 0.159375
0 0.315625 0.128125 0.0578125 0.05
0 0.38515625 0.19921875 0.03203125 0.04140625
0 0.61171875 0.20390625 0.05703125 0.04296875
0 0.7140625 0.1015625 0.06796875 0.0359375
0 0.78046875 0.38203125 0.06484375 0.05546875
0 0.82421875 0.41328125 0.05078125 0.09375
0 0.96171875 0.35390625 0.0703125 0.0953125
0 0.8734375 0.43125 0.03671875 0.06953125
0 0.940625 0.48046875 0.08125 0.071875
0 0.8921875 0.52109375 0.0296875 0.07421875
0 0.98515625 0.465625 0.02421875 0.04140625
0 0.92265625 0.7921875 0.04921875 0.0765625
0 0.6984375 0.81484375 0.05546875 0.14609375
0 0.77109375 0.71640625 0.05078125 0.121875
0 0.82890625 0.7375 0.0578125 0.0359375
0 0.7765625 0.8015625 0.04609375 0.01953125
0 0.59375 0.7546875 0.0640625 0.05
0 0.5953125 0.77890625 0.03046875 0.04609375
0 0.53671875 0.71484375 0.06640625 0.0296875
0 0.41171875 0.296875 0.0109375 0.08125
1 0.57890625 0.334375 0.10078125 0.08125
0 0.55 0.4828125 0.02265625 0.14140625
0 0.49765625 0.446875 0.0453125 0.05
0 0.41171875 0.4390625 0.01640625 0.078125
0 0.3640625 0.471875 0.05546875 0.04453125
0 0.325 0.3953125 0.021875 0.090625
0 0.29453125 0.61796875 0.05234375 0.0265625
0 0.15859375 0.16640625 0.015625 0.07890625
0 0.04765625 0.3515625 0.02421875 0.08984375
0 0.18671875 0.3609375 0.03984375 0.03046875
0 0.20703125 0.32890625 0.01875 0.04609375
0 0.171875 0.215625 0.02890625 0.0734375
0 0.26484375 0.44140625 0.04296875 0.0359375
0 0.25390625 0.50625 0.0125 0.03359375
0 0.253125 0.54296875 0.0390625 0.03359375
0 0.6484375 0.6578125 0.03515625 0.02890625
0 0.65546875 0.34140625 0.0359375 0.04921875
0 0.93203125 0.1515625 0.05078125 0.0609375
0 0.72578125 0.496875 0.04453125 0.0859375
0 0.6765625 0.47109375 0.04453125 0.103125
0 0.60390625 0.48046875 0.05859375 0.06015625
0 0.67421875 0.7234375 0.02734375 0.040625
0 0.84140625 0.53203125 0.04921875 0.03046875
0 0.73125 0.928125 0.02890625 0.0453125