5 0.31953125 0.54375 0.04609375 0.0734375
1 0.4125 0.55546875 0.04609375 0.03515625
5 0.45234375 0.6265625 0.05234375 0.06953125
1 0.503125 0.59140625 0.0296875 0.0609375
1 0.53828125 0.66640625 0.03046875 0.03984375
1 0.58359375 0.7015625 0.04765625 0.04375
1 0.1234375 0.51171875 0.0171875 0.0609375
1 0.221875 0.6015625 0.03203125 0.05703125
5 0.378125 0.68828125 0.03828125 0.07890625
1 0.3390625 0.65 0.03828125 0.06484375
1 0.35 0.6234375 0.0171875 0.03359375
1 0.38828125 0.59921875 0.015625 0.04609375
1 0.40234375 0.65234375 0.03203125 0.025
5 0.20078125 0.515625 0.04609375 0.05703125
5 0.2125 0.503125 0.06953125 0.08359375
1 0.43046875 0.69375 0.021875 0.02421875