1 0.121875 0.50078125 0.0234375 0.04375
5 0.30703125 0.52109375 0.0625 0.0765625
1 0.1828125 0.46015625 0.04765625 0.06640625
5 0.1890625 0.49765625 0.06328125 0.06171875
1 0.20625 0.57578125 0.04765625 0.05
1 0.328125 0.63125 0.03984375 0.05546875
1 0.33984375 0.60859375 0.02265625 0.02421875
1 0.3671875 0.6578125 0.03984375 0.0734375
1 0.3875 0.65859375 0.02734375 0.0296875
1 0.38984375 0.60390625 0.01171875 0.028125
1 0.38046875 0.559375 0.05546875 0.0390625
5 0.43828125 0.603125 0.0546875 0.0765625
1 0.50234375 0.57890625 0.0296875 0.059375
1 0.5234375 0.64375 0.02265625 0.03828125
1 0.56875 0.69296875 0.03046875 0.03359375
5 0.5171875 0.7625 0.03203125 0.05859375
1 0.425 0.69453125 0.01875 0.015625