1 0.0890625 0.4734375 0.06953125 0.0390625
1 0.13828125 0.38359375 0.053125 0.078125
1 0.1546875 0.4609375 0.04453125 0.05
1 0.24296875 0.44609375 0.05625 0.05859375
0 0.1546875 0.5328125 0.05078125 0.0265625
1 0.246875 0.60703125 0.08046875 0.05859375
0 0.2953125 0.57109375 0.0421875 0.03828125
0 0.3140625 0.5453125 0.02890625 0.05546875
5 0.36875 0.56484375 0.04140625 0.06484375
5 0.40234375 0.54375 0.05234375 0.06796875
1 0.4828125 0.5375 0.03203125 0.04921875
1 0.49453125 0.59453125 0.02578125 0.04296875
1 0.47890625 0.69296875 0.05234375 0.075
5 0.628125 0.64375 0.04609375 0.03671875
0 0.54609375 0.65390625 0.01171875 0.05703125
1 0.38359375 0.7203125 0.0359375 0.03359375
0 0.4078125 0.70625 0.01640625 0.021875
0 0.3921875 0.646875 0.00859375 0.02109375
0 0.33359375 0.65703125 0.034375 0.0390625
0 0.36015625 0.665625 0.01640625 0.03359375
0 0.28046875 0.63828125 0.03203125 0.034375