5 0.575 0.61640625 0.040625 0.0546875
5 0.546875 0.56640625 0.01171875 0.05703125
5 0.48203125 0.53125 0.01953125 0.0453125
5 0.45546875 0.47578125 0.02578125 0.0640625
5 0.4171875 0.5984375 0.071875 0.09375
1 0.35546875 0.4609375 0.04296875 0.0703125
0 0.3375 0.4890625 0.04140625 0.05390625
1 0.28515625 0.465625 0.03359375 0.05859375
1 0.20390625 0.53984375 0.06953125 0.028125
5 0.17578125 0.4015625 0.06875 0.0609375
5 0.1390625 0.4109375 0.03359375 0.0953125
0 0.0875 0.303125 0.0515625 0.071875
1 0.07734375 0.521875 0.0734375 0.05078125
1 0.05234375 0.553125 0.03828125 0.04609375
1 0.02734375 0.43671875 0.05390625 0.075
0 0.2890625 0.61875 0.03203125 0.04296875
0 0.28671875 0.57578125 0.0234375 0.034375
1 0.28828125 0.52890625 0.02421875 0.0609375
0 0.3484375 0.62265625 0.02265625 0.05078125
0 0.39609375 0.68984375 0.01796875 0.028125
0 0.3796875 0.61015625 0.0125 0.03515625
0 0.375 0.64375 0.01328125 0.0296875
0 0.2375 0.575 0.028125 0.03515625
0 0.25859375 0.6109375 0.01796875 0.03984375