5 0.3796875 0.5453125 0.078125 0.08671875
0 0.12265625 0.3890625 0.06171875 0.09453125
5 0.14921875 0.36875 0.0578125 0.071875
1 0.0734375 0.2875 0.059375 0.0765625
1 0.14609375 0.5484375 0.0796875 0.03359375
1 0.0328125 0.496875 0.06484375 0.06484375
1 0.03671875 0.53203125 0.05078125 0.0359375
0 0.01484375 0.43046875 0.02578125 0.0359375
1 0.3375 0.42421875 0.03046875 0.075
1 0.4453125 0.44375 0.02734375 0.05703125
0 0.27109375 0.43046875 0.03359375 0.06015625
1 0.31640625 0.45390625 0.03203125 0.06015625
1 0.20703125 0.52578125 0.04296875 0.05546875
1 0.27109375 0.58828125 0.04140625 0.04921875
0 0.27109375 0.49921875 0.03046875 0.05390625
0 0.28359375 0.49140625 0.01875 0.06640625
0 0.24375 0.5875 0.02109375 0.04375
0 0.34140625 0.59921875 0.025 0.05078125
0 0.30859375 0.63828125 0.01328125 0.0515625
0 0.390625 0.653125 0.01171875 0.0453125
5 0.421875 0.71171875 0.0375 0.04296875
0 0.43828125 0.7015625 0.02578125 0.05625
0 0.48515625 0.71640625 0.01484375 0.04453125
0 0.365625 0.61875 0.01328125 0.02890625
0 0.3703125 0.58671875 0.0125 0.03046875
1 0.5484375 0.5890625 0.0625 0.071875
1 0.546875 0.52578125 0.01171875 0.06796875
1 0.4703125 0.49375 0.02890625 0.03984375