1 0.10546875 0.35546875 0.08125 0.1234375
0 0.05078125 0.24375 0.03046875 0.07421875
0 0.01640625 0.47578125 0.0328125 0.0703125
0 0.015625 0.52734375 0.03046875 0.034375
5 0.07578125 0.56640625 0.09765625 0.04375
1 0.17890625 0.48828125 0.04609375 0.06328125
1 0.25390625 0.39296875 0.03359375 0.06015625
5 0.29765625 0.42109375 0.03515625 0.08125
1 0.32578125 0.37734375 0.03671875 0.075
5 0.3390625 0.5078125 0.08046875 0.07109375
5 0.4359375 0.403125 0.0296875 0.05703125
0 0.2515625 0.4515625 0.0328125 0.06171875
0 0.27734375 0.45703125 0.02421875 0.0453125
0 0.253125 0.51796875 0.02421875 0.05625
0 0.2515625 0.55703125 0.04609375 0.03125
0 0.26484375 0.64453125 0.02578125 0.05625
0 0.22578125 0.56796875 0.01875 0.0546875
0 0.2578125 0.60703125 0.01484375 0.01796875
1 0.3078125 0.60703125 0.028125 0.05390625
0 0.33203125 0.56796875 0.021875 0.04296875
0 0.36015625 0.60234375 0.01796875 0.03984375
0 0.3640625 0.56484375 0.01171875 0.040625
0 0.3890625 0.6203125 0.0203125 0.05
5 0.4046875 0.69765625 0.04609375 0.04921875
1 0.43125 0.66953125 0.04140625 0.084375
0 0.45859375 0.6859375 0.01953125 0.028125
1 0.48125 0.6859375 0.0203125 0.0484375
0 0.5390625 0.7 0.0171875 0.0484375
1 0.52734375 0.54453125 0.05390625 0.09609375
0 0.453125 0.4609375 0.03515625 0.05
1 0.5421875 0.48671875 0.03671875 0.0765625