5 0.07265625 0.30546875 0.0984375 0.12109375
5 0.0390625 0.18046875 0.028125 0.10390625
0 0.03046875 0.55859375 0.0609375 0.04140625
1 0.16015625 0.45703125 0.05703125 0.0703125
5 0.221875 0.53359375 0.0578125 0.03125
0 0.23828125 0.48828125 0.02890625 0.0640625
1 0.23515625 0.40390625 0.03125 0.0703125
1 0.2390625 0.346875 0.0265625 0.0640625
5 0.278125 0.36953125 0.0390625 0.09375
1 0.31015625 0.334375 0.03046875 0.0890625
1 0.42265625 0.3671875 0.021875 0.0859375
1 0.43984375 0.42578125 0.02109375 0.065625
5 0.5 0.49140625 0.034375 0.10078125
5 0.5234375 0.446875 0.034375 0.0890625
0 0.5390625 0.66953125 0.01328125 0.0515625
1 0.475 0.6453125 0.0203125 0.071875
5 0.409375 0.61796875 0.03203125 0.08125
0 0.38046875 0.5828125 0.01640625 0.0546875
1 0.35859375 0.5296875 0.0078125 0.0390625
1 0.32421875 0.5375 0.009375 0.07109375
5 0.2859375 0.45390625 0.07109375 0.08046875
1 0.30078125 0.57421875 0.02890625 0.084375
1 0.24765625 0.60546875 0.0265625 0.05
5 0.38046875 0.6734375 0.0671875 0.0546875
1 0.34765625 0.57109375 0.0203125 0.03515625
0 0.3703125 0.63046875 0.0125 0.0296875
0 0.3015625 0.64296875 0.0203125 0.02890625
0 0.4359375 0.665625 0.03203125 0.02109375