1 0.046875 0.25859375 0.08984375 0.14453125
1 0.01953125 0.11953125 0.03203125 0.15
0 0.1265625 0.41953125 0.05703125 0.0765625
5 0.2234375 0.39140625 0.08125 0.11328125
1 0.071875 0.60859375 0.0359375 0.05
5 0.17109375 0.51875 0.07421875 0.04921875
0 0.18515625 0.48671875 0.03515625 0.046875
0 0.221875 0.453125 0.03671875 0.065625
1 0.2796875 0.51953125 0.05078125 0.08515625
1 0.2296875 0.57890625 0.03203125 0.0390625
0 0.2046875 0.61953125 0.0453125 0.05390625
0 0.28984375 0.628125 0.01953125 0.04375
1 0.34609375 0.66171875 0.06640625 0.0546875
0 0.21328125 0.328125 0.0265625 0.06328125
0 0.228125 0.30390625 0.03515625 0.075
5 0.25390625 0.30078125 0.04453125 0.1109375
0 0.29375 0.278125 0.02890625 0.084375
1 0.4046875 0.303125 0.01875 0.096875
1 0.42890625 0.38671875 0.03046875 0.065625
5 0.4765625 0.43828125 0.040625 0.12109375
5 0.50703125 0.3921875 0.04140625 0.08828125
1 0.46328125 0.60078125 0.021875 0.0703125
0 0.53828125 0.64453125 0.01484375 0.0734375
0 0.39140625 0.56953125 0.0234375 0.0796875
0 0.3703125 0.5484375 0.01484375 0.05859375
0 0.353125 0.496875 0.01328125 0.05
0 0.32265625 0.496875 0.01328125 0.0640625
0 0.34140625 0.5546875 0.01640625 0.0515625
0 0.36953125 0.61484375 0.00703125 0.021875
0 0.41484375 0.6625 0.03984375 0.01015625
0 0.40546875 0.64765625 0.02734375 0.02109375
0 0.4328125 0.70078125 0.03046875 0.0546875