5 0.10078125 0.26171875 0.11953125 0.16640625
0 0.0609375 0.32578125 0.06796875 0.11171875
1 0.04609375 0.47890625 0.084375 0.06171875
1 0.1734375 0.5390625 0.0515625 0.03828125
0 0.13984375 0.54921875 0.025 0.046875
0 0.13984375 0.41484375 0.03828125 0.05390625
0 0.1921875 0.3859375 0.03828125 0.06328125
1 0.22890625 0.415625 0.05390625 0.1109375
1 0.23203125 0.3265625 0.03671875 0.06484375
0 0.171875 0.225 0.04140625 0.11484375
5 0.19296875 0.134375 0.07734375 0.15
0 0.19296875 0.22265625 0.04296875 0.0859375
1 0.2765625 0.146875 0.0328125 0.13515625
0 0.37421875 0.1390625 0.03515625 0.11640625
5 0.425 0.26328125 0.06484375 0.1640625
1 0.40546875 0.31328125 0.0234375 0.0703125
5 0.4703125 0.3109375 0.02578125 0.12578125
1 0.31484375 0.3890625 0.02265625 0.08671875
0 0.31796875 0.48828125 0.01796875 0.0453125
1 0.3609375 0.46953125 0.04140625 0.0953125
1 0.44140625 0.52109375 0.025 0.0890625
0 0.53359375 0.57109375 0.02109375 0.06796875
0 0.49375 0.69140625 0.0328125 0.09140625
0 0.39296875 0.625 0.03984375 0.05
0 0.4515625 0.659375 0.03203125 0.08203125
0 0.4359375 0.70078125 0.01953125 0.06015625
0 0.415625 0.68203125 0.02109375 0.05
0 0.3796875 0.671875 0.03671875 0.0203125
0 0.35859375 0.5765625 0.021875 0.04296875
0 0.27109375 0.58671875 0.02734375 0.0359375
0 0.0203125 0.5625 0.040625 0.05
0 0.20625 0.52109375 0.0140625 0.05
0 0.165625 0.58125 0.03359375 0.0453125
1 0.290625 0.63125 0.05703125 0.0390625