5 0.7578125 0.46640625 0.2 0.19921875
5 0.66640625 0.553125 0.16640625 0.18984375
5 0.4421875 0.45390625 0.12109375 0.278125
5 0.34375 0.30625 0.075 0.08984375
0 0.86796875 0.14765625 0.07890625 0.053125
0 0.67890625 0.19609375 0.03984375 0.0453125
0 0.5734375 0.30390625 0.03515625 0.0515625
5 0.08984375 0.603125 0.03359375 0.2140625
5 0.42890625 0.87890625 0.02109375 0.184375
1 0.16953125 0.83046875 0.08828125 0.084375
0 0.16953125 0.70078125 0.0546875 0.08984375
0 0.05703125 0.7625 0.07265625 0.05859375
0 0.27890625 0.790625 0.01953125 0.0484375
0 0.23359375 0.92734375 0.04453125 0.05625
1 0.36796875 0.91796875 0.12265625 0.065625
0 0.575 0.11640625 0.03984375 0.025
0 0.1984375 0.18046875 0.06328125 0.05078125
0 0.1859375 0.2875 0.0171875 0.07890625
0 0.2125 0.05078125 0.01875 0.0390625
0 0.4109375 0.21640625 0.01484375 0.05703125
0 0.43515625 0.19375 0.01640625 0.05703125
0 0.425 0.18828125 0.01796875 0.0109375
0 0.61875 0.115625 0.03046875 0.025
0 0.39765625 0.07578125 0.01796875 0.02421875
0 0.878125 0.04140625 0.02265625 0.02109375
0 0.88125 0.5359375 0.03984375 0.01640625
0 0.93671875 0.5625 0.04609375 0.01796875
0 0.96640625 0.79296875 0.06484375 0.0453125
0 0.96875 0.9125 0.0625 0.0453125
0 0.86171875 0.88359375 0.02265625 0.09609375
0 0.74375 0.89140625 0.05078125 0.0265625
0 0.6015625 0.55625 0.03359375 0.03046875
0 0.48984375 0.3859375 0.03046875 0.01953125
0 0.33046875 0.56328125 0.01015625 0.02578125
0 0.278125 0.38671875 0.01328125 0.0546875
0 0.1546875 0.4140625 0.0203125 0.06015625
0 0.071875 0.39921875 0.02109375 0.06015625
0 0.0609375 0.20390625 0.0234375 0.03671875
0 0.15625 0.05 0.01171875 0.03671875
0 0.12109375 0.05078125 0.00546875 0.0390625
0 0.55859375 0.2359375 0.0296875 0.0109375
0 0.55390625 0.53828125 0.03671875 0.02109375
0 0.6796875 0.79140625 0.03359375 0.02421875
0 0.0625 0.60234375 0.046875 0.034375
0 0.0328125 0.5359375 0.02578125 0.03984375
0 0.07109375 0.4984375 0.0375 0.04140625
0 0.09296875 0.4625 0.0125 0.06015625