5 0.2453125 0.590625 0.103125 0.1890625
1 0.2578125 0.38125 0.05390625 0.08359375
5 0.775 0.653125 0.16640625 0.12890625
1 0.94453125 0.7515625 0.10703125 0.13828125
0 0.9671875 0.428125 0.059375 0.0703125
1 0.93203125 0.115625 0.13125 0.1703125
0 0.7859375 0.2453125 0.0234375 0.11484375
5 0.5328125 0.690625 0.05390625 0.146875
0 0.3796875 0.81171875 0.05546875 0.14609375
0 0.31328125 0.7546875 0.08046875 0.078125
1 0.15078125 0.878125 0.13203125 0.13125
5 0.21640625 0.23828125 0.04140625 0.0796875
0 0.36953125 0.27109375 0.01953125 0.11875
0 0.3109375 0.33515625 0.01171875 0.0296875
0 0.7578125 0.128125 0.0375 0.02421875
0 0.65078125 0.31171875 0.01640625 0.053125
0 0.8125 0.26640625 0.0421875 0.02890625
0 0.5765625 0.5375 0.0328125 0.03046875
0 0.63359375 0.74921875 0.03046875 0.08359375
0 0.671875 0.928125 0.03203125 0.07421875
5 0.5375 0.98203125 0.0921875 0.034375
0 0.44609375 0.26640625 0.028125 0.01875
0 0.47421875 0.24765625 0.02578125 0.01796875
0 0.2953125 0.22109375 0.01328125 0.06640625
0 0.31171875 0.2921875 0.01328125 0.04375
0 0.1375 0.2734375 0.05546875 0.075
0 0.115625 0.19375 0.03515625 0.1015625
0 0.0828125 0.3328125 0.040625 0.06796875
0 0.125 0.3953125 0.01484375 0.0484375
0 0.321875 0.53125 0.0265625 0.071875
0 0.0234375 0.29765625 0.04296875 0.0265625
0 0.0625 0.3171875 0.05859375 0.0359375
0 0.08828125 0.2671875 0.04765625 0.0265625
0 0.1578125 0.15546875 0.03671875 0.04296875
0 0.196875 0.678125 0.02578125 0.05703125
0 0.2921875 0.47421875 0.0125 0.046875
0 0.33515625 0.31640625 0.01328125 0.034375
0 0.275 0.2734375 0.01484375 0.04296875
0 0.91640625 0.221875 0.0390625 0.02421875
0 0.52890625 0.38671875 0.0203125 0.0296875