5 0.62734375 0.50625 0.17890625 0.2140625
5 0.634375 0.71953125 0.17734375 0.1734375
5 0.64765625 0.23828125 0.03828125 0.14140625
1 0.9515625 0.26796875 0.09609375 0.09375
0 0.9734375 0.53515625 0.05234375 0.05390625
0 0.7453125 0.51796875 0.08359375 0.06953125
5 0.34765625 0.50859375 0.04609375 0.1359375
0 0.06484375 0.45703125 0.06328125 0.11875
0 0.14140625 0.32890625 0.0625 0.065625
0 0.05390625 0.25546875 0.04453125 0.07421875
0 0.0421875 0.1375 0.0375 0.065625
0 0.1078125 0.1578125 0.03359375 0.096875
0 0.31171875 0.19765625 0.01796875 0.10859375
0 0.26875 0.29921875 0.021875 0.03671875
0 0.25703125 0.421875 0.01171875 0.1
0 0.2109375 0.64375 0.01796875 0.15078125
0 0.11875 0.54375 0.02890625 0.06640625
0 0.51640625 0.846875 0.04453125 0.09375
0 0.3234375 0.94296875 0.09140625 0.0390625
0 0.29296875 0.75859375 0.07734375 0.04296875
0 0.4859375 0.453125 0.01875 0.05859375
0 0.5484375 0.25 0.021875 0.05546875
0 0.75859375 0.24921875 0.02734375 0.05078125
0 0.034375 0.26328125 0.025 0.08203125
0 0.0484375 0.2921875 0.05546875 0.02109375
0 0.03203125 0.43671875 0.03671875 0.05859375
0 0.25078125 0.1625 0.00625 0.06796875
0 0.31328125 0.30078125 0.02265625 0.021875
0 0.35546875 0.22109375 0.01953125 0.04921875
0 0.46328125 0.20625 0.02109375 0.01640625
0 0.58125 0.83125 0.01015625 0.06328125
0 0.5875 0.67578125 0.04609375 0.03984375
0 0.703125 0.73828125 0.01015625 0.034375
0 0.67734375 0.5890625 0.021875 0.05390625
0 0.70078125 0.21171875 0.02890625 0.02109375
0 0.87578125 0.22578125 0.0375 0.028125
0 0.8171875 0.5828125 0.00703125 0.065625
0 0.47421875 0.98359375 0.08046875 0.02890625
0 0.45703125 0.37421875 0.021875 0.01484375