5 0.596875 0.3875 0.24765625 0.2140625
5 0.74453125 0.45390625 0.1015625 0.0453125
5 0.53125 0.61328125 0.0484375 0.19375
5 0.5875 0.56640625 0.08046875 0.07578125
0 0.7015625 0.66484375 0.03984375 0.05703125
0 0.303125 0.10859375 0.0359375 0.1546875
0 0.28671875 0.1265625 0.03203125 0.0859375
0 0.240625 0.065625 0.01484375 0.07578125
5 0.1328125 0.278125 0.04921875 0.21796875
0 0.01953125 0.24140625 0.03828125 0.11171875
0 0.01171875 0.0484375 0.0203125 0.028125
0 0.58125 0.05859375 0.0171875 0.0546875
0 0.75234375 0.05703125 0.03984375 0.04609375
0 0.86484375 0.06640625 0.04453125 0.0640625
0 0.9671875 0.1125 0.025 0.04375
0 0.8859375 0.39921875 0.01171875 0.1015625
0 0.909375 0.58203125 0.01953125 0.075
0 0.8734375 0.7 0.03984375 0.05546875
0 0.775 0.63984375 0.01328125 0.059375
0 0.60546875 0.853125 0.05234375 0.0359375
5 0.66328125 0.94609375 0.0453125 0.0984375
0 0.809375 0.9578125 0.05625 0.08046875
0 0.80703125 0.828125 0.04921875 0.0484375
0 0.3609375 0.703125 0.084375 0.05390625
0 0.22265625 0.809375 0.0421875 0.1265625
0 0.41484375 0.9515625 0.1 0.03984375
0 0.5109375 0.7484375 0.02265625 0.04140625
0 0.86484375 0.87890625 0.0203125 0.0453125
0 0.84296875 0.2484375 0.01875 0.059375
0 0.79453125 0.22890625 0.01171875 0.0515625
0 0.75390625 0.1125 0.01171875 0.04375
0 0.67109375 0.13671875 0.01015625 0.0484375
0 0.58671875 0.25859375 0.06796875 0.034375
0 0.44296875 0.28515625 0.03203125 0.0484375
0 0.27109375 0.29375 0.01015625 0.046875
0 0.3640625 0.23046875 0.02265625 0.0296875
0 0.38046875 0.37890625 0.00859375 0.05078125
0 0.4296875 0.378125 0.0125 0.04921875
0 0.33671875 0.67109375 0.01328125 0.05703125
0 0.09140625 0.678125 0.02734375 0.034375
0 0.90078125 0.9046875 0.05546875 0.06328125
0 0.77890625 0.90859375 0.03515625 0.05
0 0.7125 0.834375 0.01171875 0.06484375
0 0.3046875 0.3640625 0.02421875 0.02890625
0 0.28125 0.3 0.0140625 0.04296875
0 0.19296875 0.2984375 0.01953125 0.0390625