5 0.38828125 0.1609375 0.18671875 0.259375
5 0.4328125 0.36875 0.12890625 0.1140625
5 0.115625 0.20234375 0.12890625 0.146875
0 0.03828125 0.10234375 0.05546875 0.12890625
0 0.03984375 0.21875 0.01796875 0.08515625
0 0.0484375 0.34921875 0.04453125 0.05
0 0.04296875 0.53125 0.02109375 0.084375
0 0.01953125 0.5390625 0.02578125 0.08203125
0 0.1765625 0.65703125 0.05703125 0.03359375
5 0.33359375 0.81328125 0.31171875 0.20859375
5 0.6984375 0.61953125 0.17578125 0.1515625
5 0.8453125 0.559375 0.12265625 0.09921875
5 0.83671875 0.48125 0.02890625 0.13515625
0 0.7796875 0.24296875 0.08125 0.0359375
0 0.54453125 0.071875 0.04921875 0.0859375
0 0.85234375 0.05859375 0.03046875 0.0546875
0 0.97109375 0.2890625 0.03046875 0.1
0 0.8765625 0.440625 0.04296875 0.05390625
0 0.8859375 0.58359375 0.03515625 0.08046875
0 0.7046875 0.89140625 0.08984375 0.10546875
0 0.5375 0.78046875 0.0578125 0.06875
0 0.54375 0.74140625 0.06796875 0.04375
0 0.63828125 0.8484375 0.05234375 0.03125
0 0.64296875 0.8828125 0.03984375 0.0265625
0 0.81015625 0.72578125 0.03515625 0.06875
0 0.80859375 0.6234375 0.03515625 0.06328125
0 0.9375 0.8109375 0.0546875 0.03984375
0 0.934375 0.93359375 0.02265625 0.13046875
0 0.95 0.8109375 0.01171875 0.0640625
0 0.984375 0.7390625 0.02734375 0.0359375
0 0.9234375 0.1734375 0.034375 0.0609375
0 0.846875 0.19921875 0.01328125 0.0359375
0 0.82734375 0.09140625 0.0171875 0.04609375
0 0.7265625 0.07109375 0.0078125 0.0546875
0 0.2078125 0.1375 0.0296875 0.01796875
0 0.17890625 0.04453125 0.03515625 0.02890625
0 0.409375 0.63828125 0.02109375 0.0640625
0 0.32578125 0.70703125 0.02578125 0.0546875
0 0.3140625 0.42578125 0.0296875 0.0296875
0 0.2546875 0.31015625 0.015625 0.0390625
0 0.353125 0.2734375 0.01171875 0.0640625
0 0.37265625 0.26640625 0.01875 0.04921875
0 0.4203125 0.10859375 0.02421875 0.09375
0 0.33671875 0.26953125 0.02265625 0.03125
0 0.51015625 0.32421875 0.02734375 0.03515625
0 0.48203125 0.2390625 0.01796875 0.0234375
0 0.57421875 0.08203125 0.01015625 0.0453125
0 0.64921875 0.5609375 0.05390625 0.10625
0 0.21796875 0.95234375 0.0671875 0.0953125