0 0.05625 0.20546875 0.10859375 0.24921875
5 0.590625 0.2125 0.0765625 0.1453125
5 0.5046875 0.6265625 0.1609375 0.0984375
5 0.48984375 0.846875 0.16953125 0.08203125
5 0.8015625 0.66171875 0.09609375 0.1203125
5 0.70625 0.4953125 0.02734375 0.15
5 0.7640625 0.315625 0.05390625 0.0703125
0 0.90234375 0.28125 0.03125 0.07890625
5 0.38984375 0.2609375 0.02421875 0.12578125
0 0.22109375 0.496875 0.1 0.08203125
0 0.15234375 0.68203125 0.10078125 0.06015625
0 0.1046875 0.69296875 0.02890625 0.034375
0 0.31796875 0.69765625 0.06484375 0.07890625
0 0.4609375 0.7375 0.071875 0.05078125
0 0.47890625 0.6984375 0.04609375 0.034375
0 0.28203125 0.82421875 0.05625 0.071875
0 0.1796875 0.8484375 0.0265625 0.090625
0 0.41171875 0.78203125 0.046875 0.053125
0 0.8203125 0.91875 0.03671875 0.1234375
0 0.76875 0.928125 0.03515625 0.05
0 0.834375 0.78359375 0.0203125 0.06875
0 0.9625 0.6921875 0.0390625 0.07890625
5 0.953125 0.51015625 0.04140625 0.0796875
5 0.93203125 0.46875 0.03515625 0.08515625
0 0.834375 0.45078125 0.04140625 0.0546875
0 0.8296875 0.559375 0.0453125 0.09375
0 0.77265625 0.60390625 0.025 0.0484375
0 0.91328125 0.809375 0.05078125 0.0265625
0 0.8796875 0.96015625 0.05078125 0.0296875
0 0.13828125 0.465625 0.05546875 0.046875
0 0.0765625 0.496875 0.0140625 0.0765625
0 0.478125 0.31953125 0.03671875 0.04453125
0 0.525 0.30546875 0.0296875 0.04921875
0 0.5984375 0.0671875 0.01640625 0.0734375
0 0.66484375 0.0734375 0.01171875 0.03515625
0 0.7671875 0.1328125 0.01484375 0.0453125
0 0.79453125 0.1046875 0.02109375 0.071875
0 0.8875 0.165625 0.02578125 0.0453125
0 0.915625 0.0515625 0.01015625 0.04296875
0 0.96015625 0.10234375 0.01171875 0.053125
0 0.975 0.33125 0.01328125 0.06171875
0 0.428125 0.3609375 0.01953125 0.04140625
0 0.37421875 0.32734375 0.034375 0.025
0 0.2515625 0.14453125 0.04140625 0.04453125
0 0.3046875 0.05234375 0.01328125 0.04375
0 0.2265625 0.0515625 0.01796875 0.04296875
0 0.10234375 0.053125 0.01953125 0.04296875
0 0.05390625 0.15546875 0.02421875 0.084375
0 0.09140625 0.20859375 0.01015625 0.07578125
0 0.21875 0.3265625 0.01328125 0.05546875
0 0.2515625 0.26484375 0.03359375 0.02578125
0 0.28515625 0.34921875 0.01640625 0.02890625
0 0.37421875 0.31171875 0.02578125 0.02890625
0 0.04375 0.53125 0.0203125 0.059375
0 0.06640625 0.528125 0.028125 0.03359375
0 0.540625 0.82421875 0.05234375 0.03515625
0 0.57109375 0.85546875 0.034375 0.1