5 0.29609375 0.496875 0.08125 0.06953125
5 0.4484375 0.5140625 0.04140625 0.146875
5 0.60625 0.64921875 0.05859375 0.14375
5 0.95546875 0.47734375 0.08828125 0.0765625
0 0.87734375 0.0640625 0.04296875 0.06796875
0 0.97578125 0.28046875 0.0453125 0.1234375
0 0.97265625 0.2515625 0.04921875 0.0953125
0 0.25234375 0.0984375 0.04453125 0.03984375
0 0.35625 0.059375 0.01171875 0.05390625
0 0.45625 0.1140625 0.02421875 0.05859375
0 0.609375 0.190625 0.02890625 0.06015625
0 0.6453125 0.14921875 0.03046875 0.04921875
0 0.7546875 0.14296875 0.02734375 0.03046875
0 0.6828125 0.78046875 0.0609375 0.0453125
0 0.290625 0.81640625 0.08046875 0.09453125
5 0.3046875 0.853125 0.11328125 0.1109375
5 0.409375 0.89921875 0.03203125 0.15546875
5 0.38125 0.66328125 0.0953125 0.1359375
0 0.2515625 0.63125 0.05 0.05390625
0 0.41328125 0.62265625 0.05 0.065625
0 0.48203125 0.67421875 0.01171875 0.071875
0 0.52734375 0.78125 0.05859375 0.03515625
0 0.54609375 0.91875 0.03671875 0.04609375
0 0.584375 0.93203125 0.0453125 0.0296875
0 0.49296875 0.9671875 0.065625 0.0640625
0 0.68671875 0.884375 0.034375 0.03515625
0 0.75 0.90546875 0.02578125 0.040625
0 0.84609375 0.97578125 0.0390625 0.040625
0 0.96875 0.921875 0.0609375 0.09140625
0 0.871875 0.54375 0.03125 0.1015625
0 0.5109375 0.34375 0.05234375 0.02578125
0 0.3421875 0.34765625 0.04453125 0.06171875
0 0.384375 0.34609375 0.03046875 0.0359375
0 0.22265625 0.18671875 0.03515625 0.10546875
0 0.05625 0.096875 0.07734375 0.12578125
0 0.15625 0.3125 0.06484375 0.03046875
0 0.16328125 0.55703125 0.02734375 0.040625
0 0.46328125 0.25078125 0.02421875 0.04296875
0 0.43125 0.21171875 0.028125 0.00703125
0 0.290625 0.2515625 0.0125 0.053125
0 0.4359375 0.33046875 0.03671875 0.01875
0 0.20625 0.15546875 0.02265625 0.06640625