0 0.609375 0.66875 0.0453125 0.0390625
0 0.90625 0.2359375 0.04609375 0.0453125
0 0.9515625 0.36171875 0.04921875 0.028125
0 0.95703125 0.4171875 0.04453125 0.046875
0 0.88828125 0.465625 0.03671875 0.02890625
0 0.32109375 0.87109375 0.05546875 0.0265625
0 0.365625 0.37421875 0.02734375 0.02109375
0 0.5578125 0.70546875 0.02578125 0.04921875
0 0.5234375 0.671875 0.01796875 0.02890625
0 0.5359375 0.73671875 0.0203125 0.02421875
0 0.478125 0.54296875 0.0203125 0.028125
0 0.25234375 0.46171875 0.01328125 0.0296875
0 0.2046875 0.3 0.02421875 0.04453125