1 0.34609375 0.765625 0.09140625 0.0859375
5 0.35625 0.46875 0.09140625 0.059375
5 0.41875 0.4015625 0.01796875 0.146875
5 0.64375 0.553125 0.09296875 0.11484375
5 0.8109375 0.37109375 0.01796875 0.15
0 0.96875 0.17421875 0.05859375 0.1109375
5 0.24140625 0.2765625 0.0625 0.075
0 0.10390625 0.23671875 0.0375 0.13203125
0 0.28359375 0.63515625 0.06953125 0.0390625
5 0.42890625 0.77421875 0.04296875 0.1515625
5 0.41796875 0.8171875 0.0328125 0.146875
0 0.5546875 0.771875 0.05625 0.03984375
0 0.53671875 0.94921875 0.03125 0.05703125
0 0.5546875 0.98828125 0.05234375 0.0203125
0 0.34296875 0.9625 0.06171875 0.065625
0 0.3609375 0.90859375 0.03671875 0.0296875
0 0.49609375 0.86875 0.02890625 0.025
0 0.6484375 0.9109375 0.059375 0.02109375
0 0.834375 0.91484375 0.03203125 0.071875
0 0.746875 0.80625 0.05859375 0.05703125
0 0.7015625 0.8640625 0.0421875 0.03203125
0 0.9328125 0.94375 0.05234375 0.046875
0 0.86328125 0.4140625 0.02578125 0.05546875
5 0.4625 0.5515625 0.06796875 0.04453125
5 0.434375 0.51171875 0.0265625 0.0796875
0 0.1953125 0.5484375 0.06328125 0.0265625
0 0.375 0.4171875 0.01640625 0.04375
0 0.54765625 0.3296875 0.05078125 0.02578125
0 0.41796875 0.27578125 0.01875 0.046875
0 0.446875 0.1859375 0.0296875 0.01796875
0 0.45703125 0.15546875 0.01328125 0.04375
0 0.60546875 0.08046875 0.01640625 0.07890625
0 0.6625 0.04453125 0.02578125 0.02890625
0 0.70234375 0.0765625 0.0125 0.04921875
0 0.27890625 0.06640625 0.04296875 0.06953125
0 0.31171875 0.04296875 0.02421875 0.0234375
0 0.2875 0.1671875 0.01171875 0.03828125
0 0.26875 0.115625 0.021875 0.02578125
0 0.21171875 0.2265625 0.01953125 0.05625
0 0.05625 0.26328125 0.0484375 0.02890625
0 0.4609375 0.290625 0.03671875 0.01796875