5 0.0484375 0.11640625 0.08359375 0.046875
5 0.28359375 0.33359375 0.046875 0.11796875
5 0.3640625 0.38671875 0.03046875 0.1265625
1 0.4359375 0.94375 0.14765625 0.10546875
5 0.38515625 0.88203125 0.065625 0.14296875
5 0.3984375 0.75390625 0.0203125 0.16171875
5 0.30078125 0.66171875 0.05859375 0.05703125
5 0.64453125 0.5640625 0.096875 0.084375
5 0.7 0.303125 0.0265625 0.15078125
5 0.3953125 0.5 0.04375 0.10703125
5 0.49921875 0.55859375 0.04921875 0.07890625
0 0.540625 0.76875 0.0234375 0.03046875
0 0.521875 0.853125 0.05078125 0.021875
0 0.76953125 0.85 0.06484375 0.0390625
0 0.79296875 0.88125 0.04375 0.065625
0 0.68359375 0.92265625 0.05703125 0.0265625
0 0.6921875 0.87421875 0.04921875 0.021875
0 0.98046875 0.62890625 0.0359375 0.05625
0 0.96328125 0.196875 0.06875 0.10703125
0 0.96015625 0.18203125 0.04921875 0.046875
0 0.66796875 0.07421875 0.0375 0.0296875
0 0.57421875 0.0515625 0.02578125 0.04296875
0 0.41015625 0.24921875 0.01953125 0.04296875
0 0.4359375 0.15078125 0.02734375 0.0390625
0 0.2890625 0.08125 0.01796875 0.09921875
0 0.33125 0.065625 0.0359375 0.0703125
0 0.1234375 0.44375 0.06015625 0.08671875
0 0.2703125 0.51953125 0.04921875 0.02421875
0 0.36328125 0.5484375 0.01171875 0.05546875
0 0.44765625 0.315625 0.03359375 0.02109375
0 0.53359375 0.36953125 0.03828125 0.059375
0 0.43515625 0.21171875 0.03203125 0.01171875
0 0.39609375 0.12265625 0.02578125 0.015625
0 0.83359375 0.41328125 0.02109375 0.06875
0 0.29375 0.8984375 0.03359375 0.02578125