5 0.47109375 0.48359375 0.0375 0.12109375
5 0.48046875 0.70390625 0.06640625 0.1390625
0 0.678125 0.928125 0.06171875 0.13671875
0 0.75546875 0.6046875 0.08515625 0.06328125
5 0.59453125 0.54296875 0.06484375 0.04609375
5 0.68984375 0.24453125 0.02109375 0.14375
5 0.278125 0.05234375 0.14921875 0.046875
0 0.41171875 0.08203125 0.046875 0.08359375
5 0.3625 0.2734375 0.0421875 0.13359375
5 0.3828125 0.4125 0.02421875 0.125
5 0.16015625 0.2484375 0.07890625 0.078125
0 0.3671875 0.66953125 0.05546875 0.03359375
0 0.203125 0.5515625 0.0390625 0.06328125
0 0.35625 0.5390625 0.04609375 0.03203125
0 0.43203125 0.4421875 0.03046875 0.05625
0 0.46328125 0.2890625 0.01953125 0.05703125
0 0.3109375 0.2921875 0.02578125 0.01953125
0 0.3171875 0.14140625 0.04765625 0.02578125
0 0.1984375 0.30703125 0.0203125 0.05078125
0 0.2359375 0.30859375 0.0140625 0.05546875
0 0.84453125 0.85390625 0.05625 0.0546875
0 0.8765625 0.86015625 0.05234375 0.0296875
0 0.7546875 0.85703125 0.05078125 0.03125
0 0.78671875 0.93984375 0.05390625 0.03125
0 0.63671875 0.85078125 0.05625 0.02109375
0 0.534375 0.77421875 0.0296875 0.0203125
0 0.575 0.43359375 0.01640625 0.04609375
0 0.5 0.31953125 0.02578125 0.02109375
0 0.52890625 0.2015625 0.0265625 0.015625
0 0.48984375 0.13671875 0.0265625 0.03046875
0 0.43671875 0.159375 0.025 0.015625
0 0.7078125 0.07109375 0.03984375 0.0390625
0 0.86015625 0.3734375 0.02578125 0.06171875
0 0.9875 0.4640625 0.0203125 0.03203125
0 0.975 0.590625 0.03359375 0.04609375