5 0.715625 0.24375 0.121875 0.10078125
5 0.678125 0.09453125 0.159375 0.0796875
0 0.69140625 0.05546875 0.0109375 0.046875
0 0.77890625 0.0421875 0.040625 0.02109375
0 0.65546875 0.05078125 0.046875 0.021875
0 0.5796875 0.0484375 0.06015625 0.0359375
5 0.44296875 0.3609375 0.0875 0.075
5 0.37421875 0.27734375 0.11171875 0.0265625
5 0.24921875 0.34453125 0.034375 0.13125
5 0.76484375 0.5125 0.12265625 0.13046875
0 0.9625 0.5375 0.07109375 0.11015625
5 0.27890625 0.7609375 0.17421875 0.10625
0 0.44453125 0.61875 0.01171875 0.08515625
0 0.45859375 0.5765625 0.0125 0.065625
5 0.590625 0.40546875 0.05546875 0.04296875
0 0.58515625 0.2953125 0.03671875 0.028125
0 0.6265625 0.18515625 0.03515625 0.01640625
0 0.45546875 0.096875 0.04296875 0.01328125
0 0.26484375 0.05703125 0.025 0.04609375
0 0.30703125 0.3359375 0.021875 0.03046875
0 0.2734375 0.3015625 0.01953125 0.03828125
0 0.390625 0.84921875 0.03203125 0.02109375
0 0.42734375 0.8390625 0.040625 0.04921875
0 0.8421875 0.7859375 0.04296875 0.028125
0 0.91640625 0.76328125 0.04296875 0.04140625
0 0.6265625 0.53046875 0.0078125 0.0515625
0 0.93984375 0.2625 0.03203125 0.03984375
0 0.32265625 0.49140625 0.01875 0.03203125