5 0.43125 0.690625 0.13046875 0.10625
0 0.465625 0.8078125 0.0359375 0.03203125
0 0.48203125 0.7609375 0.05546875 0.0546875
5 0.52890625 0.4453125 0.08828125 0.03359375
5 0.45625 0.3796875 0.08671875 0.05546875
5 0.7875 0.24765625 0.15078125 0.06015625
5 0.815625 0.2078125 0.12109375 0.05625
5 0.84375 0.453125 0.10234375 0.10546875
0 0.8796875 0.45703125 0.06796875 0.03046875
0 0.98203125 0.48671875 0.03203125 0.0734375
0 0.9515625 0.7703125 0.03203125 0.02421875
0 0.8953125 0.74375 0.040625 0.03984375
0 0.65390625 0.46953125 0.040625 0.07578125
0 0.63125 0.25546875 0.03203125 0.0265625
0 0.653125 0.1765625 0.03203125 0.01171875
0 0.68046875 0.0859375 0.0421875 0.02421875
0 0.6625 0.0390625 0.0609375 0.01640625
5 0.26328125 0.22265625 0.05390625 0.13984375
0 0.28515625 0.31875 0.0125 0.0640625
0 0.30859375 0.32578125 0.01015625 0.06953125
0 0.434375 0.56796875 0.0234375 0.0765625
0 0.3703125 0.49140625 0.04921875 0.01484375
0 0.45546875 0.61953125 0.02578125 0.03671875
0 0.78515625 0.04296875 0.040625 0.01796875