5 0.459375 0.29609375 0.18984375 0.11171875
0 0.54453125 0.35390625 0.09453125 0.07109375
5 0.44375 0.2078125 0.11171875 0.08046875
0 0.2265625 0.18671875 0.02890625 0.08125
0 0.26015625 0.19296875 0.02578125 0.075
5 0.41796875 0.41015625 0.05546875 0.07578125
5 0.9234375 0.16875 0.11796875 0.0640625
0 0.93671875 0.35859375 0.0734375 0.03828125
5 0.6875 0.40390625 0.06328125 0.03984375
0 0.534375 0.63515625 0.07421875 0.0390625
5 0.51015625 0.68203125 0.06796875 0.04140625
0 0.4578125 0.696875 0.0359375 0.03671875
0 0.40859375 0.575 0.0375 0.02578125
0 0.65859375 0.1484375 0.03515625 0.0234375
0 0.6578125 0.1421875 0.02734375 0.02109375
0 0.69609375 0.0390625 0.02265625 0.0203125
0 0.96796875 0.703125 0.0375 0.03359375
0 0.96015625 0.65390625 0.0359375 0.02109375
0 0.96171875 0.890625 0.040625 0.034375
0 0.6078125 0.5046875 0.02890625 0.01640625
0 0.39453125 0.428125 0.04765625 0.02578125