5 0.53984375 0.38125 0.0734375 0.0359375
5 0.61640625 0.22265625 0.09296875 0.12890625
5 0.78515625 0.1484375 0.10234375 0.1453125
0 0.77265625 0.0921875 0.0125 0.065625
5 0.82421875 0.38515625 0.06328125 0.02578125
5 0.6921875 0.40546875 0.07265625 0.115625
1 0.68671875 0.584375 0.08203125 0.03984375
5 0.72578125 0.63984375 0.08515625 0.03671875
0 0.48125 0.440625 0.05078125 0.03203125
0 0.42109375 0.5546875 0.0390625 0.04453125
0 0.45234375 0.6734375 0.02734375 0.04921875
0 0.21953125 0.15234375 0.04296875 0.084375
0 0.2484375 0.13203125 0.03671875 0.04453125
0 0.02890625 0.08203125 0.0375 0.09609375
0 0.38515625 0.49921875 0.01953125 0.0453125
0 0.5265625 0.30078125 0.03515625 0.01484375
0 0.96640625 0.95078125 0.06171875 0.0515625
0 0.6984375 0.5 0.0421875 0.0203125