5 0.65703125 0.43359375 0.06328125 0.09375
5 0.8109375 0.3890625 0.10703125 0.05703125
0 0.846875 0.18203125 0.05390625 0.13359375
0 0.51875 0.06171875 0.03359375 0.05859375
0 0.21015625 0.22890625 0.05390625 0.05078125
0 0.24453125 0.18828125 0.03828125 0.0234375
0 0.03828125 0.121875 0.0375 0.078125
0 0.403125 0.54296875 0.03984375 0.0359375
0 0.4203125 0.515625 0.028125 0.0265625
0 0.43203125 0.671875 0.040625 0.03984375
0 0.52421875 0.5234375 0.034375 0.03984375
0 0.7125 0.640625 0.0453125 0.07109375
0 0.8453125 0.6546875 0.08203125 0.0296875
0 0.76484375 0.60546875 0.06484375 0.03984375
0 0.6078125 0.49453125 0.053125 0.0515625
0 0.740625 0.23984375 0.02421875 0.059375
0 0.76796875 0.23984375 0.02421875 0.02421875
5 0.84453125 0.43671875 0.04921875 0.034375
0 0.9828125 0.53125 0.01796875 0.0796875
0 0.55390625 0.340625 0.034375 0.02578125
0 0.72578125 0.5109375 0.0375 0.0140625