0 0.61796875 0.7171875 0.04609375 0.0640625
0 0.93828125 0.803125 0.01875 0.05546875
0 0.584375 0.65703125 0.01953125 0.01484375
0 0.57265625 0.640625 0.02265625 0.025
0 0.43828125 0.634375 0.01796875 0.0296875
0 0.41484375 0.58359375 0.025 0.01640625
0 0.39765625 0.62109375 0.0265625 0.01875
0 0.359375 0.64921875 0.0203125 0.01484375
0 0.31171875 0.746875 0.01953125 0.01328125
0 0.35234375 0.70078125 0.01171875 0.01328125
0 0.31171875 0.665625 0.01328125 0.01640625
0 0.2421875 0.5109375 0.02421875 0.01796875