0 0.3453125 0.1984375 0.01640625 0.11640625
0 0.21171875 0.290625 0.03359375 0.09609375
0 0.215625 0.21875 0.01328125 0.05078125
0 0.22265625 0.15546875 0.02578125 0.0734375
0 0.20078125 0.0703125 0.01875 0.078125
0 0.18359375 0.08828125 0.02734375 0.1140625
0 0.134375 0.22578125 0.03671875 0.10390625
0 0.4984375 0.46953125 0.05546875 0.0203125
0 0.6984375 0.13828125 0.01796875 0.05078125
0 0.25703125 0.81875 0.03984375 0.0390625
0 0.5046875 0.903125 0.0796875 0.0359375
0 0.39375 0.77578125 0.03359375 0.0296875
0 0.246875 0.73828125 0.02421875 0.0453125
0 0.1796875 0.790625 0.02265625 0.04140625
0 0.13984375 0.740625 0.01640625 0.02578125