5 0.7515625 0.053125 0.05234375 0.04296875
0 0.76796875 0.23359375 0.034375 0.09609375
0 0.8359375 0.2234375 0.0140625 0.10546875
0 0.95234375 0.203125 0.02421875 0.109375
0 0.9171875 0.3578125 0.06015625 0.075
5 0.978125 0.4421875 0.03125 0.06953125
0 0.878125 0.35703125 0.01796875 0.06796875
0 0.853125 0.35859375 0.01640625 0.06171875
0 0.775 0.553125 0.01328125 0.090625
0 0.83359375 0.9171875 0.05078125 0.0734375
0 0.9125 0.93203125 0.0453125 0.06484375
0 0.60234375 0.95390625 0.06328125 0.03515625
0 0.52890625 0.94609375 0.05859375 0.03359375
0 0.60390625 0.3765625 0.04921875 0.0515625
0 0.73125 0.49140625 0.00703125 0.05078125
0 0.6046875 0.44375 0.01328125 0.05390625
0 0.58125 0.26171875 0.0203125 0.0640625
0 0.50390625 0.109375 0.01484375 0.0734375
0 0.39453125 0.43828125 0.03671875 0.03046875
0 0.37890625 0.465625 0.025 0.0359375