5 0.6765625 0.2484375 0.12890625 0.1140625
5 0.85703125 0.15078125 0.0734375 0.115625
0 0.8546875 0.07109375 0.01015625 0.08125
0 0.8984375 0.40546875 0.034375 0.1015625
0 0.8890625 0.40546875 0.01171875 0.103125
0 0.83203125 0.34609375 0.04765625 0.06484375
0 0.91328125 0.1671875 0.01328125 0.0765625
0 0.8421875 0.66484375 0.03359375 0.08125
0 0.64609375 0.39453125 0.015625 0.06171875
0 0.55703125 0.275 0.0390625 0.078125
0 0.49921875 0.2953125 0.03828125 0.04609375
0 0.4640625 0.48359375 0.02890625 0.0359375
0 0.3328125 0.559375 0.01484375 0.06640625
0 0.378125 0.4765625 0.03671875 0.03984375
0 0.3484375 0.43203125 0.02265625 0.04921875
0 0.47734375 0.13125 0.02265625 0.025
0 0.5828125 0.6015625 0.03046875 0.025
0 0.4140625 0.36171875 0.03203125 0.015625
0 0.95234375 0.4734375 0.02421875 0.0640625