5 0.428125 0.39453125 0.09296875 0.21875
5 0.64296875 0.303125 0.02890625 0.16875
5 0.3796875 0.11171875 0.07421875 0.16015625
5 0.303125 0.36171875 0.06171875 0.071875
5 0.7765625 0.4328125 0.034375 0.13203125
0 0.77734375 0.721875 0.05390625 0.05703125
0 0.80625 0.69609375 0.02109375 0.08125
0 0.840625 0.621875 0.04375 0.05390625
0 0.41796875 0.6421875 0.0703125 0.05078125
0 0.53046875 0.54375 0.0515625 0.046875
0 0.64921875 0.56640625 0.0375 0.0453125
0 0.57890625 0.684375 0.05859375 0.025
0 0.5125 0.7953125 0.05859375 0.04609375
0 0.56640625 0.8390625 0.046875 0.04296875
0 0.6515625 0.84296875 0.04296875 0.071875
0 0.76796875 0.79765625 0.05078125 0.05625
0 0.9078125 0.81875 0.03828125 0.06171875
0 0.2078125 0.73828125 0.059375 0.040625
0 0.11171875 0.67109375 0.01640625 0.084375
0 0.096875 0.571875 0.05078125 0.03125
0 0.3125 0.34375 0.03828125 0.03203125
0 0.409375 0.36875 0.02109375 0.03828125
0 0.2109375 0.1296875 0.01953125 0.0515625