0 0.91640625 0.121875 0.0828125 0.18203125
0 0.72890625 0.07265625 0.05703125 0.08828125
0 0.415625 0.04375 0.078125 0.0234375
5 0.34375 0.57421875 0.1078125 0.1015625
0 0.62890625 0.4140625 0.0375 0.15546875
0 0.80390625 0.48828125 0.03203125 0.13046875
0 0.80234375 0.68046875 0.02734375 0.05
0 0.78984375 0.78203125 0.02421875 0.0765625
0 0.6828125 0.7953125 0.05703125 0.05703125
0 0.72109375 0.865625 0.03828125 0.0546875
0 0.75546875 0.7484375 0.028125 0.05390625
0 0.86484375 0.90625 0.040625 0.05078125
0 0.6375 0.91953125 0.03046875 0.07578125
5 0.28984375 0.32890625 0.07109375 0.159375
0 0.228125 0.3109375 0.06640625 0.0453125
0 0.18125 0.171875 0.0640625 0.17890625
0 0.07890625 0.7234375 0.08046875 0.08046875
0 0.115625 0.70390625 0.05078125 0.0359375
0 0.1796875 0.65234375 0.04453125 0.053125
0 0.3578125 0.6984375 0.04765625 0.075
0 0.446875 0.57890625 0.02734375 0.1
0 0.40859375 0.3671875 0.03046875 0.05078125
0 0.584375 0.30234375 0.03046875 0.01796875
0 0.50078125 0.59296875 0.02890625 0.0484375
0 0.55546875 0.71328125 0.05078125 0.02421875
0 0.6234375 0.59765625 0.04375 0.0234375
0 0.478125 0.8265625 0.05546875 0.04140625
0 0.5265625 0.88125 0.05234375 0.02890625